22 1.000000 8.293479e-04 10000
22 2.000000 1.010408e-03 10000
22 3.000000 2.635160e-03 10000
22 4.000000 1.017117e-02 10000
22 5.000000 2.943866e-02 10000
22 6.000000 6.167894e-02 10000
22 7.000000 1.031936e-01 10000
22 8.000000 1.491500e-01 10000
22 9.000000 1.955751e-01 10000
22 10.000000 2.404282e-01 10000
22 11.000000 2.825226e-01 10000
22 12.000000 3.214388e-01 10000
22 13.000000 3.572966e-01 10000
22 14.000000 3.901319e-01 10000
22 15.000000 4.201820e-01 10000
22 16.000000 4.476637e-01 10000
22 17.000000 4.729319e-01 10000
22 18.000000 4.961099e-01 10000
24 1.000000 5.023363e-04 2000
24 2.000000 6.095396e-04 2000
24 3.000000 1.641873e-03 2000
24 4.000000 7.028809e-03 2000
24 5.000000 2.230542e-02 2000
24 6.000000 5.008386e-02 2000
24 7.000000 8.817687e-02 2000
24 8.000000 1.318936e-01 2000
24 9.000000 1.773033e-01 2000
24 10.000000 2.217866e-01 2000
24 11.000000 2.639321e-01 2000
24 12.000000 3.032646e-01 2000
24 13.000000 3.395239e-01 2000
24 14.000000 3.728738e-01 2000
24 15.000000 4.035068e-01 2000
24 16.000000 4.314730e-01 2000
24 17.000000 4.572707e-01 2000
24 18.000000 4.810603e-01 2000
26 1.000000 3.103924e-04 2000
26 2.000000 3.762496e-04 2000
26 3.000000 1.042432e-03 2000
26 4.000000 4.920523e-03 2000
26 5.000000 1.678344e-02 2000
26 6.000000 3.990934e-02 2000
26 7.000000 7.354074e-02 2000
26 8.000000 1.139971e-01 2000
26 9.000000 1.573065e-01 2000
26 10.000000 2.006902e-01 2000
26 11.000000 2.424177e-01 2000
26 12.000000 2.815872e-01 2000
26 13.000000 3.179744e-01 2000
26 14.000000 3.515253e-01 2000
26 15.000000 3.825089e-01 2000
26 16.000000 4.110360e-01 2000
26 17.000000 4.372524e-01 2000
26 18.000000 4.613641e-01 2000
28 1.000000 1.952018e-04 4800
28 2.000000 2.391468e-04 4800
28 3.000000 6.949378e-04 4800
28 4.000000 3.671583e-03 4800
28 5.000000 1.338576e-02 4800
28 6.000000 3.347628e-02 4800
28 7.000000 6.409705e-02 4800
28 8.000000 1.023917e-01 4800
28 9.000000 1.444177e-01 4800
28 10.000000 1.870802e-01 4800
28 11.000000 2.285390e-01 4800
28 12.000000 2.677431e-01 4800
28 13.000000 3.045092e-01 4800
28 14.000000 3.385554e-01 4800
28 15.000000 3.699812e-01 4800
28 16.000000 3.989315e-01 4800
28 17.000000 4.255962e-01 4800
28 18.000000 4.501570e-01 4800
30 1.000000 1.248957e-04 1920
30 2.000000 1.521617e-04 1920
30 3.000000 4.529815e-04 1920
30 4.000000 2.620304e-03 1920
30 5.000000 1.023737e-02 1920
30 6.000000 2.685504e-02 1920
30 7.000000 5.359498e-02 1920
30 8.000000 8.831654e-02 1920
30 9.000000 1.276260e-01 1920
30 10.000000 1.686031e-01 1920
30 11.000000 2.090012e-01 1920
30 12.000000 2.475275e-01 1920
30 13.000000 2.837720e-01 1920
30 14.000000 3.176950e-01 1920
30 15.000000 3.489694e-01 1920
30 16.000000 3.779979e-01 1920
30 17.000000 4.048583e-01 1920
30 18.000000 4.298549e-01 1920
32 1.000000 8.104584e-05 1800
32 2.000000 9.919217e-05 1800
32 3.000000 3.030643e-04 1800
32 4.000000 1.954629e-03 1800
32 5.000000 8.051100e-03 1800
32 6.000000 2.202564e-02 1800
32 7.000000 4.557381e-02 1800
32 8.000000 7.768233e-02 1800
32 9.000000 1.153267e-01 1800
32 10.000000 1.554190e-01 1800
32 11.000000 1.954818e-01 1800
32 12.000000 2.339477e-01 1800
32 13.000000 2.703246e-01 1800
32 14.000000 3.044050e-01 1800
32 15.000000 3.360218e-01 1800
32 16.000000 3.653216e-01 1800
32 17.000000 3.924683e-01 1800
32 18.000000 4.174737e-01 1800
34 1.000000 5.329745e-05 792
34 2.000000 6.512923e-05 793
34 3.000000 2.182221e-04 796
34 4.000000 1.524001e-03 795
34 5.000000 6.534848e-03 795
34 6.000000 1.837200e-02 796
34 7.000000 3.905298e-02 796
34 8.000000 6.837514e-02 796
34 9.000000 1.039845e-01 796
34 10.000000 1.427309e-01 795
34 11.000000 1.820064e-01 792
34 12.000000 2.204264e-01 797
34 13.000000 2.570858e-01 797
34 14.000000 2.909904e-01 796
34 15.000000 3.234162e-01 793
34 16.000000 3.527415e-01 795
34 17.000000 3.803943e-01 796
34 18.000000 4.067329e-01 740
