24 17.000000 2.517358e+01 2000
24 12.000000 1.750609e+01 2000
24 18.000000 2.644957e+01 2000
24 15.000000 2.239041e+01 2000
24 14.000000 2.086261e+01 2000
24 6.000000 4.820402e+00 2000
24 10.000000 1.358861e+01 2000
24 7.000000 6.907454e+00 2000
24 8.000000 9.169541e+00 2000
24 16.000000 2.380948e+01 2000
24 4.000000 2.304317e+00 2000
24 9.000000 1.142363e+01 2000
24 2.000000 2.000591e+00 2000
24 11.000000 1.561002e+01 2000
28 10.000000 1.376119e+01 4800
24 5.000000 3.208467e+00 2000
28 11.000000 1.615642e+01 4800
24 13.000000 1.925142e+01 2000
28 9.000000 1.125495e+01 4800
28 16.000000 2.597056e+01 4800
28 17.000000 2.751156e+01 4800
24 3.000000 2.029812e+00 2000
24 1.000000 2.000040e+00 2000
28 8.000000 8.719464e+00 4800
28 13.000000 2.052367e+01 4800
28 14.000000 2.247249e+01 4800
28 15.000000 2.427490e+01 4800
28 7.000000 6.303484e+00 4800
28 2.000000 2.000340e+00 4800
28 12.000000 1.841503e+01 4800
28 1.000000 2.000001e+00 4800
28 3.000000 2.017978e+00 4800
28 5.000000 2.862867e+00 4800
28 4.000000 2.197094e+00 4800
28 6.000000 4.261465e+00 4800
28 18.000000 2.895408e+01 4800
30 16.000000 2.648394e+01 1920
30 15.000000 2.468736e+01 1920
30 11.000000 1.603205e+01 1920
30 14.000000 2.276173e+01 1920
30 6.000000 3.951766e+00 1920
30 8.000000 8.278188e+00 1920
30 13.000000 2.066875e+01 1920
30 2.000000 2.000262e+00 1920
30 5.000000 2.715743e+00 1920
30 17.000000 2.813253e+01 1920
30 7.000000 5.877993e+00 1920
30 4.000000 2.156929e+00 1920
30 9.000000 1.088008e+01 1920
30 10.000000 1.350543e+01 1920
30 3.000000 2.013752e+00 1920
30 12.000000 1.843856e+01 1920
30 1.000000 1.999998e+00 1920
30 18.000000 2.963293e+01 1920
26 4.000000 2.226776e+00 2000
26 14.000000 2.129876e+01 2000
26 5.000000 2.971239e+00 2000
26 18.000000 2.769855e+01 2000
26 11.000000 1.561894e+01 2000
26 12.000000 1.763778e+01 2000
26 8.000000 8.794652e+00 2000
26 7.000000 6.481560e+00 2000
26 9.000000 1.115606e+01 2000
26 16.000000 2.460320e+01 2000
26 17.000000 2.617496e+01 2000
26 10.000000 1.345628e+01 2000
26 13.000000 1.952507e+01 2000
26 15.000000 2.298827e+01 2000
26 2.000000 2.000422e+00 2000
26 3.000000 2.020698e+00 2000
26 1.000000 1.999996e+00 2000
26 6.000000 4.446648e+00 2000
22 17.000000 2.421024e+01 10000
22 14.000000 2.025989e+01 10000
22 2.000000 2.001018e+00 10000
22 13.000000 1.875689e+01 10000
22 10.000000 1.347215e+01 10000
22 12.000000 1.711819e+01 10000
22 5.000000 3.446923e+00 10000
22 6.000000 5.148646e+00 10000
22 3.000000 2.044196e+00 10000
22 8.000000 9.348842e+00 10000
22 15.000000 2.167435e+01 10000
22 11.000000 1.536026e+01 10000
22 9.000000 1.145269e+01 10000
22 1.000000 2.000034e+00 10000
22 7.000000 7.198554e+00 10000
22 18.000000 2.535946e+01 10000
22 4.000000 2.400394e+00 10000
22 16.000000 2.298169e+01 10000
32 5.000000 2.590372e+00 1800
32 16.000000 2.679942e+01 1800
32 12.000000 1.829113e+01 1800
32 13.000000 2.065983e+01 1800
32 3.000000 2.010168e+00 1800
32 11.000000 1.575551e+01 1800
32 1.000000 2.000027e+00 1800
32 15.000000 2.490668e+01 1800
32 9.000000 1.037054e+01 1800
32 10.000000 1.308534e+01 1800
32 17.000000 2.850419e+01 1800
32 8.000000 7.739258e+00 1800
32 4.000000 2.127552e+00 1800
32 14.000000 2.286073e+01 1800
32 6.000000 3.653288e+00 1800
32 2.000000 2.000223e+00 1800
32 18.000000 3.006495e+01 1800
32 7.000000 5.414721e+00 1800
34 13.000000 2.073058e+01 797
34 18.000000 3.063075e+01 740
34 11.000000 1.561365e+01 792
34 16.000000 2.707865e+01 795
34 17.000000 2.880549e+01 796
34 15.000000 2.518668e+01 793
34 7.000000 5.125175e+00 796
34 9.000000 1.002560e+01 796
34 14.000000 2.300158e+01 796
34 10.000000 1.282580e+01 795
34 6.000000 3.490330e+00 796
34 2.000000 2.000172e+00 793
34 8.000000 7.376498e+00 796
34 12.000000 1.822499e+01 797
34 5.000000 2.535379e+00 795
34 1.000000 1.999984e+00 792
34 3.000000 2.009407e+00 796
34 4.000000 2.117876e+00 795
