22 5.000000 -2.363468e+01 1.066968e+02 2.356276e+01 1.065558e+02 -6.312945e-02 1.089302e+02 10000
22 3.000000 -1.570180e+01 3.919584e+01 1.565744e+01 3.903125e+01 -3.826784e-02 3.900762e+01 10000
22 8.000000 -3.625610e+01 2.721744e+02 3.614784e+01 2.721939e+02 -1.011685e-01 2.795641e+02 10000
22 6.000000 -2.778649e+01 1.532867e+02 2.770218e+01 1.531675e+02 -7.590977e-02 1.570455e+02 10000
22 11.000000 -4.916265e+01 5.146552e+02 4.901808e+01 5.150854e+02 -1.389763e-01 5.290058e+02 10000
22 4.000000 -1.958240e+01 6.868051e+01 1.952418e+01 6.852032e+01 -5.056657e-02 6.957739e+01 10000
22 13.000000 -5.783255e+01 7.190498e+02 5.766319e+01 7.198373e+02 -1.647718e-01 7.390585e+02 10000
22 15.000000 -6.653095e+01 9.576167e+02 6.633704e+01 9.588047e+02 -1.895969e-01 9.841402e+02 10000
22 16.000000 -7.088768e+01 1.089704e+03 7.068149e+01 1.091118e+03 -2.023726e-01 1.119806e+03 10000
22 14.000000 -6.217890e+01 8.340638e+02 6.199725e+01 8.350444e+02 -1.773784e-01 8.572232e+02 10000
22 12.000000 -5.349314e+01 6.125795e+02 5.333622e+01 6.131853e+02 -1.517295e-01 6.296720e+02 10000
22 7.000000 -3.200080e+01 2.084507e+02 3.190442e+01 2.083895e+02 -8.858387e-02 2.139309e+02 10000
22 9.000000 -4.053960e+01 3.444520e+02 4.041940e+01 3.445837e+02 -1.136423e-01 3.539502e+02 10000
22 17.000000 -7.524826e+01 1.230329e+03 7.502979e+01 1.231984e+03 -2.147909e-01 1.264220e+03 10000
22 2.000000 -1.214994e+01 1.806531e+01 1.212084e+01 1.792919e+01 -2.535854e-02 1.723810e+01 10000
22 10.000000 -4.484355e+01 4.252789e+02 4.471127e+01 4.255476e+02 -1.264295e-01 4.370974e+02 10000
22 18.000000 -7.961209e+01 1.379491e+03 7.938132e+01 1.381395e+03 -2.271733e-01 1.417428e+03 10000
22 1.000000 -9.343414e+00 4.940859e+00 9.322906e+00 4.913581e+00 -1.239987e-02 4.273535e+00 10000
24 13.000000 -6.120133e+01 8.048418e+02 6.166453e+01 8.001455e+02 8.892437e-02 8.299881e+02 2000
24 10.000000 -4.744644e+01 4.762594e+02 4.780338e+01 4.731643e+02 6.858617e-02 4.909224e+02 2000
24 17.000000 -7.964266e+01 1.376676e+03 8.024802e+01 1.369169e+03 1.154844e-01 1.419818e+03 2000
24 18.000000 -8.426334e+01 1.543510e+03 8.490409e+01 1.535166e+03 1.216355e-01 1.591883e+03 2000
24 6.000000 -2.938144e+01 1.719414e+02 2.960067e+01 1.706274e+02 4.179160e-02 1.764086e+02 2000
24 3.000000 -1.658051e+01 4.410839e+01 1.669457e+01 4.378762e+01 2.215463e-02 4.383926e+01 2000
24 12.000000 -5.660630e+01 6.857551e+02 5.703391e+01 6.816380e+02 8.232928e-02 7.071247e+02 2000
24 16.000000 -7.502544e+01 1.219387e+03 7.559531e+01 1.212666e+03 1.092345e-01 1.257614e+03 2000
24 15.000000 -7.041223e+01 1.071656e+03 7.094648e+01 1.065662e+03 1.031763e-01 1.105192e+03 2000
24 8.000000 -3.835161e+01 3.049758e+02 3.863854e+01 3.028011e+02 5.571997e-02 3.140278e+02 2000
24 9.000000 -4.288824e+01 3.858378e+02 4.321036e+01 3.832108e+02 6.198196e-02 3.975626e+02 2000
24 5.000000 -2.498300e+01 1.198001e+02 2.516876e+01 1.188605e+02 3.523202e-02 1.223611e+02 2000
24 1.000000 -9.834744e+00 5.535389e+00 9.850390e+00 5.575062e+00 7.823920e-03 4.805904e+00 2000
24 2.000000 -1.281402e+01 2.032132e+01 1.289047e+01 2.020030e+01 1.516990e-02 1.937966e+01 2000
24 4.000000 -2.069028e+01 7.724470e+01 2.084276e+01 7.659144e+01 2.900500e-02 7.817206e+01 2000
24 11.000000 -5.202055e+01 5.762249e+02 5.241259e+01 5.726388e+02 7.518421e-02 5.941225e+02 2000
24 7.000000 -3.384497e+01 2.336810e+02 3.409742e+01 2.319418e+02 4.898738e-02 2.402894e+02 2000
24 14.000000 -6.580382e+01 9.334699e+02 6.630251e+01 9.281525e+02 9.567863e-02 9.626904e+02 2000
26 15.000000 -7.474275e+01 1.149510e+03 7.548202e+01 1.144241e+03 2.878421e-01 1.169917e+03 2000
26 11.000000 -5.521260e+01 6.177367e+02 5.575269e+01 6.148049e+02 2.123039e-01 6.289016e+02 2000
26 9.000000 -4.551294e+01 4.133277e+02 4.595355e+01 4.114487e+02 1.740010e-01 4.208354e+02 2000
26 14.000000 -6.984947e+01 1.001201e+03 7.053909e+01 9.965566e+02 2.691232e-01 1.019060e+03 2000
26 6.000000 -3.115996e+01 1.837631e+02 3.145245e+01 1.832140e+02 1.162089e-01 1.867817e+02 2000
26 8.000000 -4.069302e+01 3.265086e+02 4.108494e+01 3.251264e+02 1.552631e-01 3.324163e+02 2000
26 2.000000 -1.352383e+01 2.134032e+01 1.360112e+01 2.153124e+01 3.947033e-02 2.053516e+01 2000
26 3.000000 -1.753933e+01 4.674125e+01 1.767184e+01 4.694519e+01 5.872844e-02 4.643651e+01 2000
26 18.000000 -8.944939e+01 1.655864e+03 9.033802e+01 1.648483e+03 3.457643e-01 1.684898e+03 2000
26 5.000000 -2.648394e+01 1.278029e+02 2.672440e+01 1.276225e+02 9.735530e-02 1.295750e+02 2000
26 16.000000 -7.964097e+01 1.308060e+03 8.042999e+01 1.302131e+03 3.074488e-01 1.331216e+03 2000
26 1.000000 -1.032806e+01 5.740560e+00 1.034805e+01 5.804389e+00 1.988352e-02 5.094631e+00 2000
26 13.000000 -6.496233e+01 8.631393e+02 6.560225e+01 8.590841e+02 2.498829e-01 8.785814e+02 2000
26 4.000000 -2.191866e+01 8.215695e+01 2.210391e+01 8.223139e+01 7.797512e-02 8.278908e+01 2000
26 12.000000 -6.008284e+01 7.353149e+02 6.067283e+01 7.318347e+02 2.310191e-01 7.485283e+02 2000
26 7.000000 -3.590389e+01 2.499774e+02 3.624706e+01 2.490432e+02 1.356256e-01 2.543806e+02 2000
26 17.000000 -8.454338e+01 1.476846e+03 8.538220e+01 1.470214e+03 3.266883e-01 1.502857e+03 2000
26 10.000000 -5.035473e+01 5.104040e+02 5.084467e+01 5.080080e+02 1.927831e-01 5.196553e+02 2000
