28 10.000000 2.986112e+00 4800
28 11.000000 2.630552e+00 4800
28 9.000000 3.445802e+00 4800
28 16.000000 1.656752e+00 4800
28 17.000000 1.544630e+00 4800
28 13.000000 2.126180e+00 4800
28 14.000000 1.941534e+00 4800
28 7.000000 4.833338e+00 4800
28 2.000000 8.882746e+00 4800
28 15.000000 1.787439e+00 4800
28 8.000000 4.048834e+00 4800
28 1.000000 8.997632e+00 4800
28 12.000000 2.351330e+00 4800
28 5.000000 6.867953e+00 4800
28 4.000000 7.848416e+00 4800
28 3.000000 8.538513e+00 4800
28 6.000000 5.799998e+00 4800
30 16.000000 1.755850e+00 1920
30 6.000000 6.272968e+00 1920
28 18.000000 1.447265e+00 4800
30 15.000000 1.896003e+00 1920
30 11.000000 2.815039e+00 1920
30 14.000000 2.061845e+00 1920
30 5.000000 7.363790e+00 1920
30 13.000000 2.262333e+00 1920
30 2.000000 9.325874e+00 1920
30 9.000000 3.721308e+00 1920
30 8.000000 4.389007e+00 1920
30 7.000000 5.245221e+00 1920
30 17.000000 1.635782e+00 1920
30 4.000000 8.335143e+00 1920
30 3.000000 8.998580e+00 1920
30 12.000000 2.507631e+00 1920
30 10.000000 3.208131e+00 1920
30 1.000000 9.440318e+00 1920
30 18.000000 1.531143e+00 1920
24 17.000000 1.408352e+00 2000
24 12.000000 2.102784e+00 2000
24 7.000000 4.124679e+00 2000
24 11.000000 2.336530e+00 2000
24 13.000000 1.912302e+00 2000
24 18.000000 1.321764e+00 2000
24 4.000000 6.863410e+00 2000
24 6.000000 4.940813e+00 2000
24 14.000000 1.754490e+00 2000
24 1.000000 8.064463e+00 2000
24 8.000000 3.487793e+00 2000
24 15.000000 1.620926e+00 2000
24 16.000000 1.507039e+00 2000
24 3.000000 7.584093e+00 2000
24 10.000000 2.628192e+00 2000
24 5.000000 5.904682e+00 2000
24 9.000000 3.001834e+00 2000
24 2.000000 7.954854e+00 2000
26 4.000000 7.383561e+00 2000
26 5.000000 6.416488e+00 2000
26 18.000000 1.398116e+00 2000
26 14.000000 1.864387e+00 2000
26 8.000000 3.794586e+00 2000
26 11.000000 2.503616e+00 2000
26 16.000000 1.596465e+00 2000
26 7.000000 4.506611e+00 2000
26 12.000000 2.245583e+00 2000
26 17.000000 1.490447e+00 2000
26 9.000000 3.248391e+00 2000
26 15.000000 1.719820e+00 2000
26 10.000000 2.828971e+00 2000
26 2.000000 8.429020e+00 2000
26 13.000000 2.036503e+00 2000
26 3.000000 8.078051e+00 2000
26 1.000000 8.539379e+00 2000
26 6.000000 5.400184e+00 2000
22 17.000000 1.341905e+00 10000
22 13.000000 1.810470e+00 10000
22 10.000000 2.462006e+00 10000
22 3.000000 7.071309e+00 10000
22 14.000000 1.664449e+00 10000
22 12.000000 1.985541e+00 10000
22 2.000000 7.459885e+00 10000
22 6.000000 4.520355e+00 10000
22 8.000000 3.227902e+00 10000
22 5.000000 5.408413e+00 10000
22 7.000000 3.791834e+00 10000
22 15.000000 1.540562e+00 10000
22 9.000000 2.796326e+00 10000
22 1.000000 7.569956e+00 10000
22 18.000000 1.260912e+00 10000
22 4.000000 6.337930e+00 10000
22 11.000000 2.198053e+00 10000
22 16.000000 1.434296e+00 10000
32 5.000000 7.845265e+00 1800
32 16.000000 1.825287e+00 1800
32 13.000000 2.369449e+00 1800
32 11.000000 2.974289e+00 1800
32 12.000000 2.636852e+00 1800
32 3.000000 9.437242e+00 1800
32 1.000000 9.869203e+00 1800
32 15.000000 1.975073e+00 1800
32 17.000000 1.698058e+00 1800
32 4.000000 8.796701e+00 1800
32 10.000000 3.411822e+00 1800
32 9.000000 3.984243e+00 1800
32 8.000000 4.728574e+00 1800
32 14.000000 2.153164e+00 1800
32 6.000000 6.742649e+00 1800
32 2.000000 9.751956e+00 1800
32 18.000000 1.588359e+00 1800
32 7.000000 5.662838e+00 1800
34 13.000000 2.481834e+00 797
34 18.000000 1.642096e+00 740
34 11.000000 3.146037e+00 792
34 16.000000 1.896582e+00 795
34 17.000000 1.761014e+00 796
34 15.000000 2.054899e+00 793
34 7.000000 6.070124e+00 796
34 14.000000 2.249313e+00 796
34 9.000000 4.257553e+00 796
34 10.000000 3.628594e+00 795
34 12.000000 2.774091e+00 797
34 8.000000 5.074259e+00 796
34 2.000000 1.016738e+01 793
34 6.000000 7.187257e+00 796
34 3.000000 9.859492e+00 796
34 1.000000 1.028558e+01 792
34 5.000000 8.295023e+00 795
34 4.000000 9.236122e+00 795
