18 1.000000 5.305263e-01 10000
18 2.000000 5.302585e-01 10000
18 3.000000 5.257104e-01 10000
18 4.000000 5.030155e-01 10000
18 5.000000 4.699826e-01 10000
18 6.000000 4.419701e-01 10000
18 7.000000 4.242774e-01 10000
18 8.000000 4.135726e-01 10000
18 9.000000 4.058590e-01 10000
18 10.000000 4.018032e-01 10000
18 11.000000 3.983014e-01 10000
18 12.000000 3.958939e-01 10000
18 13.000000 3.944242e-01 10000
18 14.000000 3.932075e-01 10000
18 15.000000 3.922066e-01 10000
18 16.000000 3.919032e-01 10000
18 17.000000 3.913422e-01 10000
18 18.000000 3.901965e-01 10000
20 1.000000 5.303134e-01 10000
20 2.000000 5.304859e-01 10000
20 3.000000 5.277840e-01 10000
20 4.000000 5.098549e-01 10000
20 5.000000 4.767404e-01 10000
20 6.000000 4.478264e-01 10000
20 7.000000 4.274971e-01 10000
20 8.000000 4.149349e-01 10000
20 9.000000 4.065746e-01 10000
20 10.000000 4.014180e-01 10000
20 11.000000 3.980506e-01 10000
20 12.000000 3.956852e-01 10000
20 13.000000 3.943558e-01 10000
20 14.000000 3.925289e-01 10000
20 15.000000 3.917495e-01 10000
20 16.000000 3.912601e-01 10000
20 17.000000 3.906346e-01 10000
20 18.000000 3.896050e-01 10000
