0 0 1
1 1 3
2 5 9
3 13 20
4 27 39
5 51 70
6 89 119
7 149 194
8 239 306
9 373 470
10 567 706
11 845 1040
12 1235 1507
13 1779 2152
14 2525 3033
15 3541 4225
16 4909 5824
17 6739 7951
18 9163 10760
19 12357 14444
20 16531 19245
21 21959 25465
22 28971 33479
23 37987 43750
24 49513 56851
25 64189 73485
26 82781 94513
27 106245 120987
28 135729 154189
29 172649 195674
30 218699 247328
31 275957 311428
32 346899 390719
33 434539 488502
34 542465 608738
35 675011 756167
36 837323 936456
37 1035589 1156359
38 1277129 1423914
39 1570699 1748669
40 1926639 2141947
41 2357255 2617146
42 2877037 3190102
43 3503167 3879493
44 4255819 4707320
45 5158821 5699456
46 6240091 6886284
47 7532477 8303424
48 9074371 9992591
49 10910811 12002556
50 13094301 14390272
51 15686243 17222157
52 18758071 20575574
53 22393077 24540511
54 26687945 29221534
55 31755123 34739988
56 37724853 41236541
57 44748229 48874071
58 52999913 57840975
59 62682037 68354919
60 74027801 80667150
