24 1 2000
24 2 2000
24 3 2000
24 4 2000
24 5 2000
24 6 2000
24 7 2000
24 8 2000
24 9 5000
24 10 5000
24 11 5000
24 12 5000
24 13 5000
24 14 5000
24 15 5000
24 16 5000
24 17 5000
24 18 5000
24 19 0
26 1 2000
26 2 2000
26 3 2000
26 4 2000
26 5 2000
26 6 2000
26 7 2000
26 8 2000
26 9 5000
26 10 5000
26 11 5000
26 12 4573
26 13 4553
26 14 5000
26 15 5000
26 16 5000
26 17 5000
26 18 5000
26 19 0
28 1 4800
28 2 4800
28 3 4800
28 4 4800
28 5 4800
28 6 4800
28 7 4800
28 8 4800
28 9 6597
28 10 6600
28 11 6600
28 12 6600
28 13 6600
28 14 6600
28 15 6600
28 16 6600
28 17 6600
28 18 6600
28 19 0
30 1 1920
30 2 1920
30 3 1920
30 4 1920
30 5 1920
30 6 1920
30 7 1920
30 8 1920
30 9 3360
30 10 3360
30 11 3350
30 12 3360
30 13 3360
30 14 3360
30 15 3353
30 16 3360
30 17 3360
30 18 3353
30 19 0
32 1 1800
32 2 1800
32 3 1800
32 4 1800
32 5 1800
32 6 1800
32 7 1800
32 8 1800
32 9 3000
32 10 2980
32 11 3000
32 12 3000
32 13 3000
32 14 3000
32 15 3000
32 16 2983
32 17 3000
32 18 2967
32 19 0
34 1 1380
34 2 1370
34 3 1380
34 4 1389
34 5 1377
34 6 1396
34 7 1357
34 8 1396
34 9 1369
34 10 1377
34 11 1378
34 12 1394
34 13 1389
34 14 1380
34 15 1390
34 16 1385
34 17 1392
34 18 1317
34 19 0
36 1 178
36 2 200
36 3 184
36 4 200
36 5 205
36 6 190
36 7 205
36 8 195
36 9 200
36 10 205
36 11 185
36 12 205
36 13 205
36 14 210
36 15 198
36 16 183
36 17 210
36 18 200
