# N dim_adj dim_tot
1 1 3
2 3 7
3 5 12
4 8 20
5 13 32
6 20 50
7 31 76
8 46 113
9 68 165
10 98 237
11 140 335
12 196 468
13 273 646
14 374 882
15 509 1193
16 685 1600
17 916 2128
18 1213 2810
19 1598 3685
20 2088 4802
21 2715 6221
22 3507 8015
23 4509 10272
24 5764 13102
25 7339 16635
26 9297 21029
27 11733 26475
28 14743 33203
29 18461 41486
30 23026 51655
31 28630 64101
32 35472 79292
33 43821 97784
34 53964 120237
35 66274 147430
36 81157 180290
37 99134 219904
38 120771 267556
39 146786 324756
40 177971 393279
41 215309 475200
42 259892 572957
43 313066 689392
44 376327 827828
45 451502 992137
46 540636 1186829
47 646194 1417141
48 770948 1689168
49 918221 2009966
50 1091746 2387717