2 0.6436347961425781
3 0.644061803817749
4 0.6445469856262207
5 0.6450521945953369
6 0.645658016204834
7 0.6464018821716309
8 0.6473588943481445
9 0.6486241817474365
10 0.6508290767669678
11 0.6532719135284424
12 0.6568219661712646
13 0.6615910530090332
14 0.6685240268707275
15 0.6772639751434326
16 0.6900808811187744
17 0.7108349800109863
18 0.7359778881072998
19 0.7689599990844727
20 0.8123219013214111
21 0.8694560527801514
22 0.9429709911346436
23 1.0479929447174072
24 1.2531969547271729
25 1.4390981197357178
26 1.6725349426269531
27 1.9665040969848633
28 2.3244950771331787
29 2.783017873764038
30 3.3665120601654053
31 4.175922870635986
32 5.1596620082855225
33 6.408157110214233
