2 1.4188029766082764
3 1.4201433658599854
4 1.4216926097869873
5 1.4233949184417725
6 1.4253437519073486
7 1.4277021884918213
8 1.430689811706543
9 1.4342365264892578
10 1.438713788986206
11 1.4450945854187012
12 1.4534919261932373
13 1.4652488231658936
14 1.4806673526763916
15 1.5015478134155273
16 1.530287504196167
17 1.5697588920593262
18 1.6222925186157227
19 1.6926958560943604
20 1.7869904041290283
21 1.9122314453125
22 2.0721592903137207
23 2.27634859085083
24 2.541794538497925
25 2.889224052429199
26 3.3386120796203613
27 3.916034460067749
28 4.417219638824463
29 4.868092775344849
30 5.435523271560669
31 6.799560546875
32 8.706713914871216
33 11.181817054748535
34 14.255862951278687
35 17.960389137268066
36 22.616822004318237
37 25.54463815689087
38 29.894588708877563
39 34.23503303527832
40 40.3570294380188
41 47.60454034805298
42 59.608357667922974
43 75.55265092849731
44 97.07940030097961
45 121.74478340148926
46 157.6436789035797
47 197.93201875686646
48 243.20750880241394
49 288.96513175964355
50 355.70143699645996

# addizionare a prima, circa
51 52.44022536277771
52 58.90585732460022
53 128.7230658531189
54 212.2043104171753
55 314.3139650821686
56 439.42492747306824
57 581.2523810863495
58 747.8273270130157
59 958.8543212413788
60 1200.8879325389862
