2 1.3846509456634521
3 1.3850691318511963
4 1.3854568004608154
5 1.3858609199523926
6 1.3863170146942139
7 1.386786937713623
8 1.3873610496520996
9 1.3879749774932861
10 1.388749122619629
11 1.3897268772125244
12 1.3910470008850098
13 1.3929557800292969
14 1.3961620330810547
15 1.4007339477539062
16 1.4075541496276855
17 1.4190080165863037
18 1.4374568462371826
19 1.4754691123962402
20 1.5352308750152588
21 1.62937593460083
22 1.7840697765350342
23 2.0665359497070312
24 2.4301860332489014
25 2.9702420234680176
26 3.798151969909668
27 5.202603101730347
28 7.314725875854492
29 10.547695875167847
30 15.498085021972656
31 22.78866982460022
32 33.20479488372803
33 49.15750288963318
