# N time
# 2000 stati
28 2661.6227793693542
28 3015.479215860367
28 3137.6397302150726
28 3162.3888511657715
30 5869.280371904373
30 5893.353888511658
30 6249.93195438385
30 6520.668797492981
32 11446.660104751587
32 12576.377619743347
32 12703.618356704712
32 12803.491734743118
34 21349.15345978737
34 22389.597283124924
36 39813.2682621479

# 1000 stati
28 681.2494041919708
28 691.9405400753021
30 2790.7266256809235
32 3504.558519601822
32 3617.8251411914825
34 9463.176256656647
34 9904.981525421143
36 20743.213572263718
36 21309.51661133766


# IN PRATICA CONVIENE USARE
# 1000 stati: N28->160, N30->48, N32->40, N34->18 (3 threads)
#  500 stati: N36->12 (2 threads)
