# t EE
1.000000000000000056e-01 5.577252244375916629e-02
1.151395399326447244e-01 7.010515908860887047e-02
1.325711365590109270e-01 8.782760065639907965e-02
1.526417967175233426e-01 1.096097714397523681e-01
1.757510624854791981e-01 1.361888427292061721e-01
2.023589647725157203e-01 1.683378381515244215e-01
2.329951810515371868e-01 2.068059924177232112e-01
2.682695795279725903e-01 2.522172424263234847e-01
3.088843596477480746e-01 3.049099246821869724e-01
3.556480306223128718e-01 3.646996530807051218e-01
4.094915062380425352e-01 4.305527988726666755e-01
4.714866363457393406e-01 5.001783499074943240e-01
5.428675439323858987e-01 5.695956069693066670e-01
6.250551925273972742e-01 6.328340346928651439e-01
7.196856730011519376e-01 6.820875531900274513e-01
8.286427728546844618e-01 7.088626934407264990e-01
9.540954763499939206e-01 7.068022145288710423e-01
1.098541141987558367e+00 6.765577744325664833e-01
1.264855216855295783e+00 6.315924806569891414e-01
1.456348477501243632e+00 6.003789270945294465e-01
1.676832936811008201e+00 6.162726367379215420e-01
1.930697728883249642e+00 6.886162675329892124e-01
2.222996482526194306e+00 7.717425738823358028e-01
2.559547922699535683e+00 7.896770613182029219e-01
2.947051702551809704e+00 7.498658192864244842e-01
3.393221771895328143e+00 7.763486872755203105e-01
3.906939937054616951e+00 8.531572481726800161e-01
4.498432668969446269e+00 8.290559952765159668e-01
5.179474679231209855e+00 8.740632934058749637e-01
5.963623316594643065e+00 8.872976855206150537e-01
6.866488450043001457e+00 9.272582886894650267e-01
7.906043210907697905e+00 9.233429194230564629e-01
9.102981779915218397e+00 9.590483690158517760e-01
#1.048113134154685255e+01 9.917378306289563739e-01
#1.206792640639328873e+01 1.013799041627575725e+00
#1.389495494373137419e+01 1.027850411853731938e+00
#1.599858719606057278e+01 1.052950505888445409e+00
#1.842069969326716361e+01 1.080813626587968201e+00
#2.120950887920190553e+01 1.109077123785060071e+00
#2.442053094548649739e+01 1.131596219860445007e+00
#2.811768697974230946e+01 1.146600440606176274e+00
#3.237457542817643485e+01 1.176655358596139456e+00
#3.727593720314938253e+01 1.197591066747876631e+00
#4.291934260128778078e+01 1.221914852111314786e+00
#4.941713361323833453e+01 1.246582056747360445e+00
#5.689866029018293148e+01 1.267244170205684917e+00
#6.551285568595508835e+01 1.291648944689877787e+00
#7.543120063354615468e+01 1.568650330211294630e+00
#8.685113737513520960e+01 2.973553054883465663e+00
#1.000000000000000000e+02 3.147465843049317424e+00
