# N av(Vmin) std(Vmin)
12 -2.748119e+00 1.685898e+00
14 -3.281692e+00 1.660210e+00
16 -3.521256e+00 1.826536e+00
18 -3.818404e+00 1.813265e+00
20 -4.105130e+00 2.108131e+00
22 -4.647549e+00 1.995434e+00
24 -5.077946e+00 2.143715e+00
26 -5.360262e+00 2.506208e+00
28 -5.433019e+00 2.365516e+00
30 -5.410649e+00 2.316561e+00
32 -5.452368e+00 2.439179e+00
34 -5.825742e+00 2.635702e+00
36 -6.318294e+00 2.759414e+00
38 -6.467309e+00 2.924903e+00
40 -6.767067e+00 2.607177e+00
42 -7.012910e+00 3.193204e+00
44 -7.784342e+00 3.026347e+00
46 -7.417822e+00 3.102443e+00
48 -7.829583e+00 2.972068e+00
50 -8.577473e+00 2.900503e+00