24 1.000000 5.309596e-01
24 2.000000 5.266761e-01
24 3.000000 5.119390e-01
24 4.000000 4.866705e-01
24 5.000000 4.585675e-01
24 6.000000 4.345446e-01
24 7.000000 4.181029e-01
24 8.000000 4.078510e-01
24 9.000000 4.021147e-01
24 10.000000 3.982075e-01
24 11.000000 3.958413e-01
24 12.000000 3.933234e-01
24 13.000000 3.923111e-01
24 14.000000 3.910554e-01
24 15.000000 3.903314e-01
24 16.000000 3.903412e-01
24 17.000000 3.899826e-01
26 1.000000 5.304662e-01
26 2.000000 5.276407e-01
26 3.000000 5.151911e-01
26 4.000000 4.925630e-01
26 5.000000 4.650538e-01
26 6.000000 4.399368e-01
26 7.000000 4.218508e-01
26 8.000000 4.105549e-01
26 9.000000 4.030547e-01
26 10.000000 3.987205e-01
26 11.000000 3.956230e-01
26 12.000000 3.937800e-01
26 13.000000 3.921949e-01
26 14.000000 3.909026e-01
26 15.000000 3.904387e-01
26 16.000000 3.894566e-01
26 17.000000 3.893144e-01