34 1.000000 5.305644e-01 704
34 2.000000 5.316016e-01 700
34 3.000000 5.308175e-01 717
34 4.000000 5.263239e-01 712
34 5.000000 5.147017e-01 721
34 6.000000 4.935375e-01 714
34 7.000000 4.660841e-01 726
34 8.000000 4.405967e-01 722
34 9.000000 4.208529e-01 719
34 10.000000 4.095587e-01 721
34 11.000000 4.023042e-01 733
34 12.000000 3.973564e-01 729
34 13.000000 3.938728e-01 731
34 14.000000 3.925766e-01 744
34 15.000000 3.907189e-01 727
34 16.000000 3.898614e-01 726
34 17.000000 3.888455e-01 731
