32 1.000000 5.306996e-01 1800
32 2.000000 5.308308e-01 1784
32 3.000000 5.302541e-01 1800
32 4.000000 5.258061e-01 1800
32 5.000000 5.123882e-01 1800
32 6.000000 4.878335e-01 1800
32 7.000000 4.596595e-01 1774
32 8.000000 4.348116e-01 1800
32 9.000000 4.182841e-01 1772
32 10.000000 4.071261e-01 1800
32 11.000000 4.003751e-01 1800
32 12.000000 3.963337e-01 1800
32 13.000000 3.940415e-01 1789
32 14.000000 3.919480e-01 1787
32 15.000000 3.906115e-01 1800
32 16.000000 3.895771e-01 1800
32 17.000000 3.894436e-01 1800
