24 1.000000 5.304488e-01
24 2.000000 5.307025e-01
24 3.000000 5.292729e-01
24 4.000000 5.178099e-01
24 5.000000 4.907172e-01
24 6.000000 4.586726e-01
24 7.000000 4.343626e-01
24 8.000000 4.182204e-01
24 9.000000 4.082746e-01
24 10.000000 4.020540e-01
24 11.000000 3.978279e-01
24 12.000000 3.954618e-01
24 13.000000 3.933922e-01
24 14.000000 3.921131e-01
24 15.000000 3.909764e-01
24 16.000000 3.901495e-01
24 17.000000 3.900916e-01
26 1.000000 5.307276e-01
26 2.000000 5.308218e-01
26 3.000000 5.297939e-01
26 4.000000 5.212550e-01
26 5.000000 4.978300e-01
26 6.000000 4.665951e-01
26 7.000000 4.395842e-01
26 8.000000 4.214358e-01
26 9.000000 4.098891e-01
26 10.000000 4.028190e-01
26 11.000000 3.983628e-01
26 12.000000 3.954767e-01
26 13.000000 3.935036e-01
26 14.000000 3.919338e-01
26 15.000000 3.911798e-01
26 16.000000 3.901743e-01
26 17.000000 3.895850e-01
