30 1.000000 5.303735e-01 1440
30 2.000000 5.309237e-01 1440
30 3.000000 5.306302e-01 1440
30 4.000000 5.251182e-01 1440
30 5.000000 5.085446e-01 1431
30 6.000000 4.813324e-01 1440
30 7.000000 4.517394e-01 1440
30 8.000000 4.291419e-01 1440
30 9.000000 4.147689e-01 1434
30 10.000000 4.048800e-01 1440
30 11.000000 3.996287e-01 1440
30 12.000000 3.961492e-01 1440
30 13.000000 3.934801e-01 1440
30 14.000000 3.921758e-01 1440
30 15.000000 3.910197e-01 1440
30 16.000000 3.898200e-01 1440
30 17.000000 3.889424e-01 1440
