28 1.000000 5.305443e-01 4800
28 2.000000 5.306488e-01 4800
28 3.000000 5.299632e-01 4800
28 4.000000 5.235168e-01 4722
28 5.000000 5.034184e-01 4800
28 6.000000 4.733808e-01 4800
28 7.000000 4.447875e-01 4800
28 8.000000 4.242406e-01 4800
28 9.000000 4.117268e-01 4800
28 10.000000 4.035187e-01 4800
28 11.000000 3.983630e-01 4800
28 12.000000 3.951605e-01 4800
28 13.000000 3.933015e-01 4800
28 14.000000 3.915264e-01 4800
28 15.000000 3.907376e-01 4725
28 16.000000 3.900689e-01 4800
28 17.000000 3.892987e-01 4800
