12 1.000000 5.303386e-01
12 2.000000 5.295806e-01
12 3.000000 5.144658e-01
12 4.000000 4.834969e-01
12 5.000000 4.552899e-01
12 6.000000 4.366133e-01
12 7.000000 4.223347e-01
12 8.000000 4.145990e-01
12 9.000000 4.084025e-01
12 10.000000 4.043132e-01
12 11.000000 4.022617e-01
12 12.000000 3.998231e-01
12 13.000000 3.974907e-01
12 14.000000 3.961050e-01
14 1.000000 5.306737e-01
14 2.000000 5.300013e-01
14 3.000000 5.192548e-01
14 4.000000 4.891719e-01
14 5.000000 4.588132e-01
14 6.000000 4.362097e-01
14 7.000000 4.223224e-01
14 8.000000 4.133053e-01
14 9.000000 4.071136e-01
14 10.000000 4.028904e-01
14 11.000000 4.002248e-01
14 12.000000 3.976837e-01
14 13.000000 3.961409e-01
14 14.000000 3.947591e-01
16 1.000000 5.307592e-01
16 2.000000 5.305457e-01
16 3.000000 5.227176e-01
16 4.000000 4.957268e-01
16 5.000000 4.628048e-01
16 6.000000 4.385849e-01
16 7.000000 4.230927e-01
16 8.000000 4.130021e-01
16 9.000000 4.063890e-01
16 10.000000 4.017841e-01
16 11.000000 3.989112e-01
16 12.000000 3.969114e-01
16 13.000000 3.950814e-01
16 14.000000 3.940168e-01
18 1.000000 5.306625e-01
18 2.000000 5.305914e-01
18 3.000000 5.256041e-01
18 4.000000 5.018725e-01
18 5.000000 4.685763e-01
18 6.000000 4.415831e-01
18 7.000000 4.242041e-01
18 8.000000 4.131509e-01
18 9.000000 4.060448e-01
18 10.000000 4.017150e-01
18 11.000000 3.982568e-01
18 12.000000 3.959878e-01
18 13.000000 3.942363e-01
18 14.000000 3.931075e-01
20 1.000000 5.307407e-01
20 2.000000 5.305503e-01
20 3.000000 5.272655e-01
20 4.000000 5.084272e-01
20 5.000000 4.756734e-01
20 6.000000 4.466831e-01
20 7.000000 4.269127e-01
20 8.000000 4.144471e-01
20 9.000000 4.066504e-01
20 10.000000 4.013825e-01
20 11.000000 3.979534e-01
20 12.000000 3.957468e-01
20 13.000000 3.942332e-01
20 14.000000 3.927065e-01
22 1.000000 5.308745e-01
22 2.000000 5.306147e-01
22 3.000000 5.285085e-01
22 4.000000 5.139524e-01
22 5.000000 4.830506e-01
22 6.000000 4.522426e-01
22 7.000000 4.300500e-01
22 8.000000 4.159012e-01
22 9.000000 4.071612e-01
22 10.000000 4.014528e-01
22 11.000000 3.978684e-01
22 12.000000 3.953701e-01
22 13.000000 3.936457e-01
22 14.000000 3.923710e-01
22 15.000000 3.914246e-01
22 16.000000 3.907018e-01
22 17.000000 3.900707e-01