# N epsilon <r>
24 1.000000e+00 5.302425e-01
24 2.000000e+00 5.292204e-01
24 3.000000e+00 5.240110e-01
24 4.000000e+00 5.078964e-01
24 5.000000e+00 4.803915e-01
24 6.000000e+00 4.516161e-01
24 7.000000e+00 4.305776e-01
24 8.000000e+00 4.167379e-01
24 9.000000e+00 4.079786e-01
24 1.000000e+01 4.020382e-01
24 1.100000e+01 3.980957e-01
24 1.200000e+01 3.955427e-01

26 1.000000e+00 5.307871e-01
26 2.000000e+00 5.298434e-01
26 3.000000e+00 5.256593e-01
26 4.000000e+00 5.117978e-01
26 5.000000e+00 4.863555e-01
26 6.000000e+00 4.580519e-01
26 7.000000e+00 4.348216e-01
26 8.000000e+00 4.193851e-01
26 9.000000e+00 4.090195e-01
26 1.000000e+01 4.025974e-01
26 1.100000e+01 3.989770e-01
26 1.200000e+01 3.958480e-01
