# N epsilon <r>
12 1.000000e+00 5.306459e-01
12 2.000000e+00 5.262068e-01
12 3.000000e+00 5.069812e-01
12 4.000000e+00 4.775104e-01
12 5.000000e+00 4.510606e-01
12 6.000000e+00 4.349815e-01
12 7.000000e+00 4.228953e-01
12 8.000000e+00 4.148966e-01
12 9.000000e+00 4.095846e-01
12 1.000000e+01 4.065961e-01
12 1.100000e+01 4.036736e-01
12 1.200000e+01 4.018384e-01

14 1.000000e+00 5.300457e-01
14 2.000000e+00 5.270409e-01
14 3.000000e+00 5.116629e-01
14 4.000000e+00 4.810660e-01
14 5.000000e+00 4.541839e-01
14 6.000000e+00 4.342399e-01
14 7.000000e+00 4.216122e-01
14 8.000000e+00 4.135512e-01
14 9.000000e+00 4.086991e-01
14 1.000000e+01 4.039586e-01
14 1.100000e+01 4.018639e-01
14 1.200000e+01 3.990378e-01

16 1.000000e+00 5.306074e-01
16 2.000000e+00 5.283886e-01
16 3.000000e+00 5.149012e-01
16 4.000000e+00 4.854811e-01
16 5.000000e+00 4.563720e-01
16 6.000000e+00 4.354071e-01
16 7.000000e+00 4.225459e-01
16 8.000000e+00 4.135311e-01
16 9.000000e+00 4.077809e-01
16 1.000000e+01 4.025674e-01
16 1.200000e+01 3.979311e-01

16 1.100000e+01 4.003931e-01
18 1.000000e+00 5.301920e-01
18 2.000000e+00 5.281799e-01
18 3.000000e+00 5.176659e-01
18 4.000000e+00 4.915612e-01
18 5.000000e+00 4.605978e-01
18 6.000000e+00 4.381757e-01
18 7.000000e+00 4.224358e-01
18 8.000000e+00 4.126025e-01
18 9.000000e+00 4.065876e-01
18 1.000000e+01 4.023824e-01
18 1.100000e+01 3.989211e-01
18 1.200000e+01 3.970329e-01

20 1.000000e+00 5.305724e-01
20 2.000000e+00 5.286896e-01
20 3.000000e+00 5.207018e-01
20 4.000000e+00 4.977373e-01
20 5.000000e+00 4.674230e-01
20 6.000000e+00 4.419549e-01
20 7.000000e+00 4.244568e-01
20 8.000000e+00 4.138287e-01
20 9.000000e+00 4.062251e-01
20 1.000000e+01 4.020740e-01
20 1.100000e+01 3.987307e-01
20 1.200000e+01 3.963926e-01

22 1.000000e+00 5.307774e-01
22 2.000000e+00 5.291682e-01
22 3.000000e+00 5.223776e-01
22 4.000000e+00 5.024372e-01
22 5.000000e+00 4.726004e-01
22 6.000000e+00 4.457846e-01
22 7.000000e+00 4.266273e-01
22 8.000000e+00 4.145980e-01
22 9.000000e+00 4.068063e-01
22 1.000000e+01 4.014415e-01
22 1.100000e+01 3.983707e-01
22 1.200000e+01 3.960955e-01
22 1.300000e+01 3.941421e-01
22 1.400000e+01 3.927858e-01
