24 1.000000 5.305244e-01
24 2.000000 5.305660e-01
24 3.000000 5.293125e-01
24 4.000000 5.181254e-01
24 5.000000 4.912844e-01
24 6.000000 4.595514e-01
24 7.000000 4.350528e-01
24 8.000000 4.185771e-01
24 9.000000 4.085370e-01
24 10.000000 4.021390e-01
24 11.000000 3.980163e-01
24 12.000000 3.955316e-01
24 13.000000 3.935871e-01
24 14.000000 3.919406e-01
26 1.000000 5.308636e-01
26 2.000000 5.310613e-01
26 3.000000 5.298363e-01
26 4.000000 5.211373e-01
26 5.000000 4.979465e-01
26 6.000000 4.670538e-01
26 7.000000 4.399459e-01
26 8.000000 4.218923e-01
26 9.000000 4.101909e-01
26 10.000000 4.031856e-01
26 11.000000 3.984565e-01
26 12.000000 3.956687e-01
26 13.000000 3.935808e-01
26 14.000000 3.920661e-01