# N epsilon <r>
12 1.000000e+00 5.309992e-01
12 2.000000e+00 5.302872e-01
12 3.000000e+00 5.163969e-01
12 4.000000e+00 4.836633e-01
12 5.000000e+00 4.541471e-01
12 6.000000e+00 4.350950e-01
12 7.000000e+00 4.208612e-01
12 8.000000e+00 4.164582e-01
12 9.000000e+00 4.073212e-01
12 1.000000e+01 4.047055e-01
12 1.100000e+01 4.020908e-01
12 1.200000e+01 4.000612e-01

14 1.000000e+00 5.318793e-01
14 2.000000e+00 5.299689e-01
14 3.000000e+00 5.205837e-01
14 4.000000e+00 4.912702e-01
14 5.000000e+00 4.586174e-01
14 6.000000e+00 4.353145e-01
14 7.000000e+00 4.210241e-01
14 8.000000e+00 4.126590e-01
14 9.000000e+00 4.076551e-01
14 1.000000e+01 4.038567e-01
14 1.100000e+01 4.003916e-01
14 1.200000e+01 3.985403e-01

16 1.000000e+00 5.305184e-01
16 2.000000e+00 5.304617e-01
16 3.000000e+00 5.231096e-01
16 4.000000e+00 4.949894e-01
16 5.000000e+00 4.622415e-01
16 6.000000e+00 4.379102e-01
16 7.000000e+00 4.240229e-01
16 8.000000e+00 4.136958e-01
16 9.000000e+00 4.056926e-01
16 1.000000e+01 4.009749e-01
16 1.100000e+01 3.989913e-01
16 1.200000e+01 3.984737e-01

18 1.000000e+00 5.312196e-01
18 2.000000e+00 5.306328e-01
18 3.000000e+00 5.250736e-01
18 4.000000e+00 5.019575e-01
18 5.000000e+00 4.675982e-01
18 6.000000e+00 4.419405e-01
18 7.000000e+00 4.239469e-01
18 8.000000e+00 4.131486e-01
18 9.000000e+00 4.061775e-01
18 1.000000e+01 4.020705e-01
18 1.100000e+01 3.970032e-01
18 1.200000e+01 3.952719e-01

20 1.000000e+00 5.310876e-01
20 2.000000e+00 5.298317e-01
20 3.000000e+00 5.275445e-01
20 4.000000e+00 5.092297e-01
20 5.000000e+00 4.764249e-01
20 6.000000e+00 4.466059e-01
20 7.000000e+00 4.276253e-01
20 8.000000e+00 4.147067e-01
20 9.000000e+00 4.070007e-01
20 1.000000e+01 4.010843e-01
20 1.100000e+01 3.979500e-01
20 1.200000e+01 3.961205e-01

22 1.000000e+00 5.311283e-01
22 2.000000e+00 5.306989e-01
22 3.000000e+00 5.285051e-01
22 4.000000e+00 5.135742e-01
22 5.000000e+00 4.822157e-01
22 6.000000e+00 4.521592e-01
22 7.000000e+00 4.296305e-01
22 8.000000e+00 4.161817e-01
22 9.000000e+00 4.072990e-01
22 1.000000e+01 4.013955e-01
22 1.100000e+01 3.977136e-01
22 1.200000e+01 3.955474e-01
22 1.300000e+01 3.938234e-01
22 1.400000e+01 3.926693e-01