# row col
0 1
2 1
3 1
4 2
5 2
5 3
6 3
7 4
8 4
8 5
9 5
9 6
10 5
11 6
12 7
13 7
13 8
14 8
14 9
15 8
15 10
16 9
16 11
17 9
17 10
18 11
19 12
20 12
20 13
21 13
21 14
22 13
22 15
23 14
23 16
24 14
24 15
24 17
25 16
25 18
26 15
27 16
27 17
28 17
29 18
30 19
31 19
31 20
32 20
32 21
33 20
33 22
34 21
34 23
35 21
35 22
35 24
36 23
36 25
37 22
37 26
38 23
38 24
38 27
39 24
39 28
40 25
40 29
41 24
41 26
42 25
42 27
43 27
43 28
44 29
45 30
46 30
46 31
47 31
47 32
48 31
48 33
49 32
49 34
50 32
50 33
50 35
51 34
51 36
52 33
52 37
53 34
53 35
53 38
54 35
54 39
55 36
55 40
56 35
56 37
56 41
57 36
57 38
57 42
58 38
58 39
58 43
59 40
59 44
60 37
61 38
61 41
62 39
62 41
63 40
63 42
64 42
64 43
65 43
66 44
67 45
68 45
68 46
69 46
69 47
70 46
70 48
71 47
71 49
72 47
72 48
72 50
73 49
73 51
74 48
74 52
75 49
75 50
75 53
76 50
76 54
77 51
77 55
78 50
78 52
78 56
79 51
79 53
79 57
80 53
80 54
80 58
81 55
81 59
82 52
82 60
83 53
83 56
83 61
84 54
84 56
84 62
85 55
85 57
85 63
86 57
86 58
86 64
87 58
87 65
88 59
88 66
89 56
89 60
90 57
90 61
91 58
91 61
91 62
92 59
92 63
93 62
94 63
94 64
95 64
95 65
96 66
97 67
98 67
98 68
99 68
99 69
100 68
100 70
101 69
101 71
102 69
102 70
102 72
103 71
103 73
104 70
104 74
105 71
105 72
105 75
106 72
106 76
107 73
107 77
108 72
108 74
108 78
109 73
109 75
109 79
110 75
110 76
110 80
111 77
111 81
112 74
112 82
113 75
113 78
113 83
114 76
114 78
114 84
115 77
115 79
115 85
116 79
116 80
116 86
117 80
117 87
118 81
118 88
119 78
119 82
119 89
120 79
120 83
120 90
121 80
121 83
121 84
121 91
122 81
122 85
122 92
123 84
123 93
124 85
124 86
124 94
125 86
125 87
125 95
126 88
126 96
127 82
128 83
128 89
129 84
129 89
130 85
130 90
131 86
131 90
131 91
132 87
132 91
133 88
133 92
134 91
134 93
135 92
135 94
136 94
136 95
137 95
138 96
139 97
140 97
140 98
141 98
141 99
142 98
142 100
143 99
143 101
144 99
144 100
144 102
145 101
145 103
146 100
146 104
147 101
147 102
147 105
148 102
148 106
149 103
149 107
150 102
150 104
150 108
151 103
151 105
151 109
152 105
152 106
152 110
153 107
153 111
154 104
154 112
155 105
155 108
155 113
156 106
156 108
156 114
157 107
157 109
157 115
158 109
158 110
158 116
159 110
159 117
160 111
160 118
161 108
161 112
161 119
162 109
162 113
162 120
163 110
163 113
163 114
163 121
164 111
164 115
164 122
165 114
165 123
166 115
166 116
166 124
167 116
167 117
167 125
168 118
168 126
169 112
169 127
170 113
170 119
170 128
171 114
171 119
171 129
172 115
172 120
172 130
173 116
173 120
173 121
173 131
174 117
174 121
174 132
175 118
175 122
175 133
176 121
176 123
176 134
177 122
177 124
177 135
178 124
178 125
178 136
179 125
179 137
180 126
180 138
181 119
181 127
182 120
182 128
183 121
183 128
183 129
184 122
184 130
185 123
185 129
186 124
186 130
186 131
187 125
187 131
187 132
188 126
188 133
189 131
189 134
190 132
190 134
191 133
191 135
192 135
192 136
193 136
193 137
194 138
195 139
196 139
196 140
197 140
197 141
198 140
198 142
199 141
199 143
200 141
200 142
200 144
201 143
201 145
202 142
202 146
203 143
203 144
203 147
204 144
204 148
205 145
205 149
206 144
206 146
206 150
207 145
207 147
207 151
208 147
208 148
208 152
209 149
209 153
210 146
210 154
211 147
211 150
211 155
212 148
212 150
212 156
213 149
213 151
213 157
214 151
214 152
214 158
215 152
215 159
216 153
216 160
217 150
217 154
217 161
218 151
218 155
218 162
219 152
219 155
219 156
219 163
220 153
220 157
220 164
221 156
221 165
222 157
222 158
222 166
223 158
223 159
223 167
224 160
224 168
225 154
225 169
226 155
226 161
226 170
227 156
227 161
227 171
228 157
228 162
228 172
229 158
229 162
229 163
229 173
230 159
230 163
230 174
231 160
231 164
231 175
232 163
232 165
232 176
233 164
233 166
233 177
234 166
234 167
234 178
235 167
235 179
236 168
236 180
237 161
237 169
237 181
238 162
238 170
238 182
239 163
239 170
239 171
239 183
240 164
240 172
240 184
241 165
241 171
241 185
242 166
242 172
242 173
242 186
243 167
243 173
243 174
243 187
244 168
244 175
244 188
245 173
245 176
245 189
246 174
246 176
246 190
247 175
247 177
247 191
248 177
248 178
248 192
249 178
249 179
249 193
250 180
250 194
251 169
252 170
252 181
253 171
253 181
254 172
254 182
255 173
255 182
255 183
256 174
256 183
257 175
257 184
258 176
258 183
258 185
259 177
259 184
259 186
260 178
260 186
260 187
261 179
261 187
262 180
262 188
263 185
264 186
264 189
265 187
265 189
265 190
266 188
266 191
267 190
268 191
268 192
269 192
269 193
270 193
271 194
272 195
273 195
273 196
274 196
274 197
275 196
275 198
276 197
276 199
277 197
277 198
277 200
278 199
278 201
279 198
279 202
280 199
280 200
280 203
281 200
281 204
282 201
282 205
283 200
283 202
283 206
284 201
284 203
284 207
285 203
285 204
285 208
286 205
286 209
287 202
287 210
288 203
288 206
288 211
289 204
289 206
289 212
290 205
290 207
290 213
291 207
291 208
291 214
292 208
292 215
293 209
293 216
294 206
294 210
294 217
295 207
295 211
295 218
296 208
296 211
296 212
296 219
297 209
297 213
297 220
298 212
298 221
299 213
299 214
299 222
300 214
300 215
300 223
301 216
301 224
302 210
302 225
303 211
303 217
303 226
304 212
304 217
304 227
305 213
305 218
305 228
306 214
306 218
306 219
306 229
307 215
307 219
307 230
308 216
308 220
308 231
309 219
309 221
309 232
310 220
310 222
310 233
311 222
311 223
311 234
312 223
312 235
313 224
313 236
314 217
314 225
314 237
315 218
315 226
315 238
316 219
316 226
316 227
316 239
317 220
317 228
317 240
318 221
318 227
318 241
319 222
319 228
319 229
319 242
320 223
320 229
320 230
320 243
321 224
321 231
321 244
322 229
322 232
322 245
323 230
323 232
323 246
324 231
324 233
324 247
325 233
325 234
325 248
326 234
326 235
326 249
327 236
327 250
328 225
328 251
329 226
329 237
329 252
330 227
330 237
330 253
331 228
331 238
331 254
332 229
332 238
332 239
332 255
333 230
333 239
333 256
334 231
334 240
334 257
335 232
335 239
335 241
335 258
336 233
336 240
336 242
336 259
337 234
337 242
337 243
337 260
338 235
338 243
338 261
339 236
339 244
339 262
340 241
340 263
341 242
341 245
341 264
342 243
342 245
342 246
342 265
343 244
343 247
343 266
344 246
344 267
345 247
345 248
345 268
346 248
346 249
346 269
347 249
347 270
348 250
348 271
349 237
349 251
350 238
350 252
351 239
351 252
351 253
352 240
352 254
353 241
353 253
354 242
354 254
354 255
355 243
355 255
355 256
356 244
356 257
357 245
357 255
357 258
358 246
358 256
358 258
359 247
359 257
359 259
360 248
360 259
360 260
361 249
361 260
361 261
362 250
362 262
363 258
363 263
364 259
364 264
365 260
365 264
365 265
366 261
366 265
367 262
367 266
368 265
368 267
369 266
369 268
370 268
370 269
371 269
371 270
372 271
373 272
374 272
374 273
375 273
375 274
376 273
376 275
377 274
377 276
378 274
378 275
378 277
379 276
379 278
380 275
380 279
381 276
381 277
381 280
382 277
382 281
383 278
383 282
384 277
384 279
384 283
385 278
385 280
385 284
386 280
386 281
386 285
387 282
387 286
388 279
388 287
389 280
389 283
389 288
390 281
390 283
390 289
391 282
391 284
391 290
392 284
392 285
392 291
393 285
393 292
394 286
394 293
395 283
395 287
395 294
396 284
396 288
396 295
397 285
397 288
397 289
397 296
398 286
398 290
398 297
399 289
399 298
400 290
400 291
400 299
401 291
401 292
401 300
402 293
402 301
403 287
403 302
404 288
404 294
404 303
405 289
405 294
405 304
406 290
406 295
406 305
407 291
407 295
407 296
407 306
408 292
408 296
408 307
409 293
409 297
409 308
410 296
410 298
410 309
411 297
411 299
411 310
412 299
412 300
412 311
413 300
413 312
414 301
414 313
415 294
415 302
415 314
416 295
416 303
416 315
417 296
417 303
417 304
417 316
418 297
418 305
418 317
419 298
419 304
419 318
420 299
420 305
420 306
420 319
421 300
421 306
421 307
421 320
422 301
422 308
422 321
423 306
423 309
423 322
424 307
424 309
424 323
425 308
425 310
425 324
426 310
426 311
426 325
427 311
427 312
427 326
428 313
428 327
429 302
429 328
430 303
430 314
430 329
431 304
431 314
431 330
432 305
432 315
432 331
433 306
433 315
433 316
433 332
434 307
434 316
434 333
435 308
435 317
435 334
436 309
436 316
436 318
436 335
437 310
437 317
437 319
437 336
438 311
438 319
438 320
438 337
439 312
439 320
439 338
440 313
440 321
440 339
441 318
441 340
442 319
442 322
442 341
443 320
443 322
443 323
443 342
444 321
444 324
444 343
445 323
445 344
446 324
446 325
446 345
447 325
447 326
447 346
448 326
448 347
449 327
449 348
450 314
450 328
450 349
451 315
451 329
451 350
452 316
452 329
452 330
452 351
453 317
453 331
453 352
454 318
454 330
454 353
455 319
455 331
455 332
455 354
456 320
456 332
456 333
456 355
457 321
457 334
457 356
458 322
458 332
458 335
458 357
459 323
459 333
459 335
459 358
460 324
460 334
460 336
460 359
461 325
461 336
461 337
461 360
462 326
462 337
462 338
462 361
463 327
463 339
463 362
464 335
464 340
464 363
465 336
465 341
465 364
466 337
466 341
466 342
466 365
467 338
467 342
467 366
468 339
468 343
468 367
469 342
469 344
469 368
470 343
470 345
470 369
471 345
471 346
471 370
472 346
472 347
472 371
473 348
473 372
474 328
475 329
475 349
476 330
476 349
477 331
477 350
478 332
478 350
478 351
479 333
479 351
480 334
480 352
481 335
481 351
481 353
482 336
482 352
482 354
483 337
483 354
483 355
484 338
484 355
485 339
485 356
486 340
486 353
487 341
487 354
487 357
488 342
488 355
488 357
488 358
489 343
489 356
489 359
490 344
490 358
491 345
491 359
491 360
492 346
492 360
492 361
493 347
493 361
494 348
494 362
495 357
495 363
496 358
496 363
497 359
497 364
498 360
498 364
498 365
499 361
499 365
499 366
500 362
500 367
501 365
501 368
502 366
502 368
503 367
503 369
504 369
504 370
505 370
505 371
506 371
507 372
508 373
509 373
509 374
510 374
510 375
511 374
511 376
512 375
512 377
513 375
513 376
513 378
514 377
514 379
515 376
515 380
516 377
516 378
516 381
517 378
517 382
518 379
518 383
519 378
519 380
519 384
520 379
520 381
520 385
521 381
521 382
521 386
522 383
522 387
523 380
523 388
524 381
524 384
524 389
525 382
525 384
525 390
526 383
526 385
526 391
527 385
527 386
527 392
528 386
528 393
529 387
529 394
530 384
530 388
530 395
531 385
531 389
531 396
532 386
532 389
532 390
532 397
533 387
533 391
533 398
534 390
534 399
535 391
535 392
535 400
536 392
536 393
536 401
537 394
537 402
538 388
538 403
539 389
539 395
539 404
540 390
540 395
540 405
541 391
541 396
541 406
542 392
542 396
542 397
542 407
543 393
543 397
543 408
544 394
544 398
544 409
545 397
545 399
545 410
546 398
546 400
546 411
547 400
547 401
547 412
548 401
548 413
549 402
549 414
550 395
550 403
550 415
551 396
551 404
551 416
552 397
552 404
552 405
552 417
553 398
553 406
553 418
554 399
554 405
554 419
555 400
555 406
555 407
555 420
556 401
556 407
556 408
556 421
557 402
557 409
557 422
558 407
558 410
558 423
559 408
559 410
559 424
560 409
560 411
560 425
561 411
561 412
561 426
562 412
562 413
562 427
563 414
563 428
564 403
564 429
565 404
565 415
565 430
566 405
566 415
566 431
567 406
567 416
567 432
568 407
568 416
568 417
568 433
569 408
569 417
569 434
570 409
570 418
570 435
571 410
571 417
571 419
571 436
572 411
572 418
572 420
572 437
573 412
573 420
573 421
573 438
574 413
574 421
574 439
575 414
575 422
575 440
576 419
576 441
577 420
577 423
577 442
578 421
578 423
578 424
578 443
579 422
579 425
579 444
580 424
580 445
581 425
581 426
581 446
582 426
582 427
582 447
583 427
583 448
584 428
584 449
585 415
585 429
585 450
586 416
586 430
586 451
587 417
587 430
587 431
587 452
588 418
588 432
588 453
589 419
589 431
589 454
590 420
590 432
590 433
590 455
591 421
591 433
591 434
591 456
592 422
592 435
592 457
593 423
593 433
593 436
593 458
594 424
594 434
594 436
594 459
595 425
595 435
595 437
595 460
596 426
596 437
596 438
596 461
597 427
597 438
597 439
597 462
598 428
598 440
598 463
599 436
599 441
599 464
600 437
600 442
600 465
601 438
601 442
601 443
601 466
602 439
602 443
602 467
603 440
603 444
603 468
604 443
604 445
604 469
605 444
605 446
605 470
606 446
606 447
606 471
607 447
607 448
607 472
608 449
608 473
609 429
609 474
610 430
610 450
610 475
611 431
611 450
611 476
612 432
612 451
612 477
613 433
613 451
613 452
613 478
614 434
614 452
614 479
615 435
615 453
615 480
616 436
616 452
616 454
616 481
617 437
617 453
617 455
617 482
618 438
618 455
618 456
618 483
619 439
619 456
619 484
620 440
620 457
620 485
621 441
621 454
621 486
622 442
622 455
622 458
622 487
623 443
623 456
623 458
623 459
623 488
624 444
624 457
624 460
624 489
625 445
625 459
625 490
626 446
626 460
626 461
626 491
627 447
627 461
627 462
627 492
628 448
628 462
628 493
629 449
629 463
629 494
630 458
630 464
630 495
631 459
631 464
631 496
632 460
632 465
632 497
633 461
633 465
633 466
633 498
634 462
634 466
634 467
634 499
635 463
635 468
635 500
636 466
636 469
636 501
637 467
637 469
637 502
638 468
638 470
638 503
639 470
639 471
639 504
640 471
640 472
640 505
641 472
641 506
642 473
642 507
643 450
643 474
644 451
644 475
645 452
645 475
645 476
646 453
646 477
647 454
647 476
648 455
648 477
648 478
649 456
649 478
649 479
650 457
650 480
651 458
651 478
651 481
652 459
652 479
652 481
653 460
653 480
653 482
654 461
654 482
654 483
655 462
655 483
655 484
656 463
656 485
657 464
657 481
657 486
658 465
658 482
658 487
659 466
659 483
659 487
659 488
660 467
660 484
660 488
661 468
661 485
661 489
662 469
662 488
662 490
663 470
663 489
663 491
664 471
664 491
664 492
665 472
665 492
665 493
666 473
666 494
667 486
668 487
668 495
669 488
669 495
669 496
670 489
670 497
671 490
671 496
672 491
672 497
672 498
673 492
673 498
673 499
674 493
674 499
675 494
675 500
676 498
676 501
677 499
677 501
677 502
678 500
678 503
679 502
680 503
680 504
681 504
681 505
682 505
682 506
683 507
684 508
685 508
685 509
686 509
686 510
687 509
687 511
688 510
688 512
689 510
689 511
689 513
690 512
690 514
691 511
691 515
692 512
692 513
692 516
693 513
693 517
694 514
694 518
695 513
695 515
695 519
696 514
696 516
696 520
697 516
697 517
697 521
698 518
698 522
699 515
699 523
700 516
700 519
700 524
701 517
701 519
701 525
702 518
702 520
702 526
703 520
703 521
703 527
704 521
704 528
705 522
705 529
706 519
706 523
706 530
707 520
707 524
707 531
708 521
708 524
708 525
708 532
709 522
709 526
709 533
710 525
710 534
711 526
711 527
711 535
712 527
712 528
712 536
713 529
713 537
714 523
714 538
715 524
715 530
715 539
716 525
716 530
716 540
717 526
717 531
717 541
718 527
718 531
718 532
718 542
719 528
719 532
719 543
720 529
720 533
720 544
721 532
721 534
721 545
722 533
722 535
722 546
723 535
723 536
723 547
724 536
724 548
725 537
725 549
726 530
726 538
726 550
727 531
727 539
727 551
728 532
728 539
728 540
728 552
729 533
729 541
729 553
730 534
730 540
730 554
731 535
731 541
731 542
731 555
732 536
732 542
732 543
732 556
733 537
733 544
733 557
734 542
734 545
734 558
735 543
735 545
735 559
736 544
736 546
736 560
737 546
737 547
737 561
738 547
738 548
738 562
739 549
739 563
740 538
740 564
741 539
741 550
741 565
742 540
742 550
742 566
743 541
743 551
743 567
744 542
744 551
744 552
744 568
745 543
745 552
745 569
746 544
746 553
746 570
747 545
747 552
747 554
747 571
748 546
748 553
748 555
748 572
749 547
749 555
749 556
749 573
750 548
750 556
750 574
751 549
751 557
751 575
752 554
752 576
753 555
753 558
753 577
754 556
754 558
754 559
754 578
755 557
755 560
755 579
756 559
756 580
757 560
757 561
757 581
758 561
758 562
758 582
759 562
759 583
760 563
760 584
761 550
761 564
761 585
762 551
762 565
762 586
763 552
763 565
763 566
763 587
764 553
764 567
764 588
765 554
765 566
765 589
766 555
766 567
766 568
766 590
767 556
767 568
767 569
767 591
768 557
768 570
768 592
769 558
769 568
769 571
769 593
770 559
770 569
770 571
770 594
771 560
771 570
771 572
771 595
772 561
772 572
772 573
772 596
773 562
773 573
773 574
773 597
774 563
774 575
774 598
775 571
775 576
775 599
776 572
776 577
776 600
777 573
777 577
777 578
777 601
778 574
778 578
778 602
779 575
779 579
779 603
780 578
780 580
780 604
781 579
781 581
781 605
782 581
782 582
782 606
783 582
783 583
783 607
784 584
784 608
785 564
785 609
786 565
786 585
786 610
787 566
787 585
787 611
788 567
788 586
788 612
789 568
789 586
789 587
789 613
790 569
790 587
790 614
791 570
791 588
791 615
792 571
792 587
792 589
792 616
793 572
793 588
793 590
793 617
794 573
794 590
794 591
794 618
795 574
795 591
795 619
796 575
796 592
796 620
797 576
797 589
797 621
798 577
798 590
798 593
798 622
799 578
799 591
799 593
799 594
799 623
800 579
800 592
800 595
800 624
801 580
801 594
801 625
802 581
802 595
802 596
802 626
803 582
803 596
803 597
803 627
804 583
804 597
804 628
805 584
805 598
805 629
806 593
806 599
806 630
807 594
807 599
807 631
808 595
808 600
808 632
809 596
809 600
809 601
809 633
810 597
810 601
810 602
810 634
811 598
811 603
811 635
812 601
812 604
812 636
813 602
813 604
813 637
814 603
814 605
814 638
815 605
815 606
815 639
816 606
816 607
816 640
817 607
817 641
818 608
818 642
819 585
819 609
819 643
820 586
820 610
820 644
821 587
821 610
821 611
821 645
822 588
822 612
822 646
823 589
823 611
823 647
824 590
824 612
824 613
824 648
825 591
825 613
825 614
825 649
826 592
826 615
826 650
827 593
827 613
827 616
827 651
828 594
828 614
828 616
828 652
829 595
829 615
829 617
829 653
830 596
830 617
830 618
830 654
831 597
831 618
831 619
831 655
832 598
832 620
832 656
833 599
833 616
833 621
833 657
834 600
834 617
834 622
834 658
835 601
835 618
835 622
835 623
835 659
836 602
836 619
836 623
836 660
837 603
837 620
837 624
837 661
838 604
838 623
838 625
838 662
839 605
839 624
839 626
839 663
840 606
840 626
840 627
840 664
841 607
841 627
841 628
841 665
842 608
842 629
842 666
843 621
843 667
844 622
844 630
844 668
845 623
845 630
845 631
845 669
846 624
846 632
846 670
847 625
847 631
847 671
848 626
848 632
848 633
848 672
849 627
849 633
849 634
849 673
850 628
850 634
850 674
851 629
851 635
851 675
852 633
852 636
852 676
853 634
853 636
853 637
853 677
854 635
854 638
854 678
855 637
855 679
856 638
856 639
856 680
857 639
857 640
857 681
858 640
858 641
858 682
859 642
859 683
860 609
861 610
861 643
862 611
862 643
863 612
863 644
864 613
864 644
864 645
865 614
865 645
866 615
866 646
867 616
867 645
867 647
868 617
868 646
868 648
869 618
869 648
869 649
870 619
870 649
871 620
871 650
872 621
872 647
873 622
873 648
873 651
874 623
874 649
874 651
874 652
875 624
875 650
875 653
876 625
876 652
877 626
877 653
877 654
878 627
878 654
878 655
879 628
879 655
880 629
880 656
881 630
881 651
881 657
882 631
882 652
882 657
883 632
883 653
883 658
884 633
884 654
884 658
884 659
885 634
885 655
885 659
885 660
886 635
886 656
886 661
887 636
887 659
887 662
888 637
888 660
888 662
889 638
889 661
889 663
890 639
890 663
890 664
891 640
891 664
891 665
892 641
892 665
893 642
893 666
894 657
894 667
895 658
895 668
896 659
896 668
896 669
897 660
897 669
898 661
898 670
899 662
899 669
899 671
900 663
900 670
900 672
901 664
901 672
901 673
902 665
902 673
902 674
903 666
903 675
904 671
905 672
905 676
906 673
906 676
906 677
907 674
907 677
908 675
908 678
909 677
909 679
910 678
910 680
911 680
911 681
912 681
912 682
913 682
914 683
915 684
916 684
916 685
917 685
917 686
918 685
918 687
919 686
919 688
920 686
920 687
920 689
921 688
921 690
922 687
922 691
923 688
923 689
923 692
924 689
924 693
925 690
925 694
926 689
926 691
926 695
927 690
927 692
927 696
928 692
928 693
928 697
929 694
929 698
930 691
930 699
931 692
931 695
931 700
932 693
932 695
932 701
933 694
933 696
933 702
934 696
934 697
934 703
935 697
935 704
936 698
936 705
937 695
937 699
937 706
938 696
938 700
938 707
939 697
939 700
939 701
939 708
940 698
940 702
940 709
941 701
941 710
942 702
942 703
942 711
943 703
943 704
943 712
944 705
944 713
945 699
945 714
946 700
946 706
946 715
947 701
947 706
947 716
948 702
948 707
948 717
949 703
949 707
949 708
949 718
950 704
950 708
950 719
951 705
951 709
951 720
952 708
952 710
952 721
953 709
953 711
953 722
954 711
954 712
954 723
955 712
955 724
956 713
956 725
957 706
957 714
957 726
958 707
958 715
958 727
959 708
959 715
959 716
959 728
960 709
960 717
960 729
961 710
961 716
961 730
962 711
962 717
962 718
962 731
963 712
963 718
963 719
963 732
964 713
964 720
964 733
965 718
965 721
965 734
966 719
966 721
966 735
967 720
967 722
967 736
968 722
968 723
968 737
969 723
969 724
969 738
970 725
970 739
971 714
971 740
972 715
972 726
972 741
973 716
973 726
973 742
974 717
974 727
974 743
975 718
975 727
975 728
975 744
976 719
976 728
976 745
977 720
977 729
977 746
978 721
978 728
978 730
978 747
979 722
979 729
979 731
979 748
980 723
980 731
980 732
980 749
981 724
981 732
981 750
982 725
982 733
982 751
983 730
983 752
984 731
984 734
984 753
985 732
985 734
985 735
985 754
986 733
986 736
986 755
987 735
987 756
988 736
988 737
988 757
989 737
989 738
989 758
990 738
990 759
991 739
991 760
992 726
992 740
992 761
993 727
993 741
993 762
994 728
994 741
994 742
994 763
995 729
995 743
995 764
996 730
996 742
996 765
997 731
997 743
997 744
997 766
998 732
998 744
998 745
998 767
999 733
999 746
999 768
1000 734
1000 744
1000 747
1000 769
1001 735
1001 745
1001 747
1001 770
1002 736
1002 746
1002 748
1002 771
1003 737
1003 748
1003 749
1003 772
1004 738
1004 749
1004 750
1004 773
1005 739
1005 751
1005 774
1006 747
1006 752
1006 775
1007 748
1007 753
1007 776
1008 749
1008 753
1008 754
1008 777
1009 750
1009 754
1009 778
1010 751
1010 755
1010 779
1011 754
1011 756
1011 780
1012 755
1012 757
1012 781
1013 757
1013 758
1013 782
1014 758
1014 759
1014 783
1015 760
1015 784
1016 740
1016 785
1017 741
1017 761
1017 786
1018 742
1018 761
1018 787
1019 743
1019 762
1019 788
1020 744
1020 762
1020 763
1020 789
1021 745
1021 763
1021 790
1022 746
1022 764
1022 791
1023 747
1023 763
1023 765
1023 792
1024 748
1024 764
1024 766
1024 793
1025 749
1025 766
1025 767
1025 794
1026 750
1026 767
1026 795
1027 751
1027 768
1027 796
1028 752
1028 765
1028 797
1029 753
1029 766
1029 769
1029 798
1030 754
1030 767
1030 769
1030 770
1030 799
1031 755
1031 768
1031 771
1031 800
1032 756
1032 770
1032 801
1033 757
1033 771
1033 772
1033 802
1034 758
1034 772
1034 773
1034 803
1035 759
1035 773
1035 804
1036 760
1036 774
1036 805
1037 769
1037 775
1037 806
1038 770
1038 775
1038 807
1039 771
1039 776
1039 808
1040 772
1040 776
1040 777
1040 809
1041 773
1041 777
1041 778
1041 810
1042 774
1042 779
1042 811
1043 777
1043 780
1043 812
1044 778
1044 780
1044 813
1045 779
1045 781
1045 814
1046 781
1046 782
1046 815
1047 782
1047 783
1047 816
1048 783
1048 817
1049 784
1049 818
1050 761
1050 785
1050 819
1051 762
1051 786
1051 820
1052 763
1052 786
1052 787
1052 821
1053 764
1053 788
1053 822
1054 765
1054 787
1054 823
1055 766
1055 788
1055 789
1055 824
1056 767
1056 789
1056 790
1056 825
1057 768
1057 791
1057 826
1058 769
1058 789
1058 792
1058 827
1059 770
1059 790
1059 792
1059 828
1060 771
1060 791
1060 793
1060 829
1061 772
1061 793
1061 794
1061 830
1062 773
1062 794
1062 795
1062 831
1063 774
1063 796
1063 832
1064 775
1064 792
1064 797
1064 833
1065 776
1065 793
1065 798
1065 834
1066 777
1066 794
1066 798
1066 799
1066 835
1067 778
1067 795
1067 799
1067 836
1068 779
1068 796
1068 800
1068 837
1069 780
1069 799
1069 801
1069 838
1070 781
1070 800
1070 802
1070 839
1071 782
1071 802
1071 803
1071 840
1072 783
1072 803
1072 804
1072 841
1073 784
1073 805
1073 842
1074 797
1074 843
1075 798
1075 806
1075 844
1076 799
1076 806
1076 807
1076 845
1077 800
1077 808
1077 846
1078 801
1078 807
1078 847
1079 802
1079 808
1079 809
1079 848
1080 803
1080 809
1080 810
1080 849
1081 804
1081 810
1081 850
1082 805
1082 811
1082 851
1083 809
1083 812
1083 852
1084 810
1084 812
1084 813
1084 853
1085 811
1085 814
1085 854
1086 813
1086 855
1087 814
1087 815
1087 856
1088 815
1088 816
1088 857
1089 816
1089 817
1089 858
1090 818
1090 859
1091 785
1091 860
1092 786
1092 819
1092 861
1093 787
1093 819
1093 862
1094 788
1094 820
1094 863
1095 789
1095 820
1095 821
1095 864
1096 790
1096 821
1096 865
1097 791
1097 822
1097 866
1098 792
1098 821
1098 823
1098 867
1099 793
1099 822
1099 824
1099 868
1100 794
1100 824
1100 825
1100 869
1101 795
1101 825
1101 870
1102 796
1102 826
1102 871
1103 797
1103 823
1103 872
1104 798
1104 824
1104 827
1104 873
1105 799
1105 825
1105 827
1105 828
1105 874
1106 800
1106 826
1106 829
1106 875
1107 801
1107 828
1107 876
1108 802
1108 829
1108 830
1108 877
1109 803
1109 830
1109 831
1109 878
1110 804
1110 831
1110 879
1111 805
1111 832
1111 880
1112 806
1112 827
1112 833
1112 881
1113 807
1113 828
1113 833
1113 882
1114 808
1114 829
1114 834
1114 883
1115 809
1115 830
1115 834
1115 835
1115 884
1116 810
1116 831
1116 835
1116 836
1116 885
1117 811
1117 832
1117 837
1117 886
1118 812
1118 835
1118 838
1118 887
1119 813
1119 836
1119 838
1119 888
1120 814
1120 837
1120 839
1120 889
1121 815
1121 839
1121 840
1121 890
1122 816
1122 840
1122 841
1122 891
1123 817
1123 841
1123 892
1124 818
1124 842
1124 893
1125 833
1125 843
1125 894
1126 834
1126 844
1126 895
1127 835
1127 844
1127 845
1127 896
1128 836
1128 845
1128 897
1129 837
1129 846
1129 898
1130 838
1130 845
1130 847
1130 899
1131 839
1131 846
1131 848
1131 900
1132 840
1132 848
1132 849
1132 901
1133 841
1133 849
1133 850
1133 902
1134 842
1134 851
1134 903
1135 847
1135 904
1136 848
1136 852
1136 905
1137 849
1137 852
1137 853
1137 906
1138 850
1138 853
1138 907
1139 851
1139 854
1139 908
1140 853
1140 855
1140 909
1141 854
1141 856
1141 910
1142 856
1142 857
1142 911
1143 857
1143 858
1143 912
1144 858
1144 913
1145 859
1145 914
1146 819
1146 860
1147 820
1147 861
1148 821
1148 861
1148 862
1149 822
1149 863
1150 823
1150 862
1151 824
1151 863
1151 864
1152 825
1152 864
1152 865
1153 826
1153 866
1154 827
1154 864
1154 867
1155 828
1155 865
1155 867
1156 829
1156 866
1156 868
1157 830
1157 868
1157 869
1158 831
1158 869
1158 870
1159 832
1159 871
1160 833
1160 867
1160 872
1161 834
1161 868
1161 873
1162 835
1162 869
1162 873
1162 874
1163 836
1163 870
1163 874
1164 837
1164 871
1164 875
1165 838
1165 874
1165 876
1166 839
1166 875
1166 877
1167 840
1167 877
1167 878
1168 841
1168 878
1168 879
1169 842
1169 880
1170 843
1170 872
1171 844
1171 873
1171 881
1172 845
1172 874
1172 881
1172 882
1173 846
1173 875
1173 883
1174 847
1174 876
1174 882
1175 848
1175 877
1175 883
1175 884
1176 849
1176 878
1176 884
1176 885
1177 850
1177 879
1177 885
1178 851
1178 880
1178 886
1179 852
1179 884
1179 887
1180 853
1180 885
1180 887
1180 888
1181 854
1181 886
1181 889
1182 855
1182 888
1183 856
1183 889
1183 890
1184 857
1184 890
1184 891
1185 858
1185 891
1185 892
1186 859
1186 893
1187 881
1187 894
1188 882
1188 894
1189 883
1189 895
1190 884
1190 895
1190 896
1191 885
1191 896
1191 897
1192 886
1192 898
1193 887
1193 896
1193 899
1194 888
1194 897
1194 899
1195 889
1195 898
1195 900
1196 890
1196 900
1196 901
1197 891
1197 901
1197 902
1198 892
1198 902
1199 893
1199 903
1200 899
1200 904
1201 900
1201 905
1202 901
1202 905
1202 906
1203 902
1203 906
1203 907
1204 903
1204 908
1205 906
1205 909
1206 907
1206 909
1207 908
1207 910
1208 910
1208 911
1209 911
1209 912
1210 912
1210 913
1211 914
1212 915
1213 915
1213 916
1214 916
1214 917
1215 916
1215 918
1216 917
1216 919
1217 917
1217 918
1217 920
1218 919
1218 921
1219 918
1219 922
1220 919
1220 920
1220 923
1221 920
1221 924
1222 921
1222 925
1223 920
1223 922
1223 926
1224 921
1224 923
1224 927
1225 923
1225 924
1225 928
1226 925
1226 929
1227 922
1227 930
1228 923
1228 926
1228 931
1229 924
1229 926
1229 932
1230 925
1230 927
1230 933
1231 927
1231 928
1231 934
1232 928
1232 935
1233 929
1233 936
1234 926
1234 930
1234 937
1235 927
1235 931
1235 938
1236 928
1236 931
1236 932
1236 939
1237 929
1237 933
1237 940
1238 932
1238 941
1239 933
1239 934
1239 942
1240 934
1240 935
1240 943
1241 936
1241 944
1242 930
1242 945
1243 931
1243 937
1243 946
1244 932
1244 937
1244 947
1245 933
1245 938
1245 948
1246 934
1246 938
1246 939
1246 949
1247 935
1247 939
1247 950
1248 936
1248 940
1248 951
1249 939
1249 941
1249 952
1250 940
1250 942
1250 953
1251 942
1251 943
1251 954
1252 943
1252 955
1253 944
1253 956
1254 937
1254 945
1254 957
1255 938
1255 946
1255 958
1256 939
1256 946
1256 947
1256 959
1257 940
1257 948
1257 960
1258 941
1258 947
1258 961
1259 942
1259 948
1259 949
1259 962
1260 943
1260 949
1260 950
1260 963
1261 944
1261 951
1261 964
1262 949
1262 952
1262 965
1263 950
1263 952
1263 966
1264 951
1264 953
1264 967
1265 953
1265 954
1265 968
1266 954
1266 955
1266 969
1267 956
1267 970
1268 945
1268 971
1269 946
1269 957
1269 972
1270 947
1270 957
1270 973
1271 948
1271 958
1271 974
1272 949
1272 958
1272 959
1272 975
1273 950
1273 959
1273 976
1274 951
1274 960
1274 977
1275 952
1275 959
1275 961
1275 978
1276 953
1276 960
1276 962
1276 979
1277 954
1277 962
1277 963
1277 980
1278 955
1278 963
1278 981
1279 956
1279 964
1279 982
1280 961
1280 983
1281 962
1281 965
1281 984
1282 963
1282 965
1282 966
1282 985
1283 964
1283 967
1283 986
1284 966
1284 987
1285 967
1285 968
1285 988
1286 968
1286 969
1286 989
1287 969
1287 990
1288 970
1288 991
1289 957
1289 971
1289 992
1290 958
1290 972
1290 993
1291 959
1291 972
1291 973
1291 994
1292 960
1292 974
1292 995
1293 961
1293 973
1293 996
1294 962
1294 974
1294 975
1294 997
1295 963
1295 975
1295 976
1295 998
1296 964
1296 977
1296 999
1297 965
1297 975
1297 978
1297 1000
1298 966
1298 976
1298 978
1298 1001
1299 967
1299 977
1299 979
1299 1002
1300 968
1300 979
1300 980
1300 1003
1301 969
1301 980
1301 981
1301 1004
1302 970
1302 982
1302 1005
1303 978
1303 983
1303 1006
1304 979
1304 984
1304 1007
1305 980
1305 984
1305 985
1305 1008
1306 981
1306 985
1306 1009
1307 982
1307 986
1307 1010
1308 985
1308 987
1308 1011
1309 986
1309 988
1309 1012
1310 988
1310 989
1310 1013
1311 989
1311 990
1311 1014
1312 991
1312 1015
1313 971
1313 1016
1314 972
1314 992
1314 1017
1315 973
1315 992
1315 1018
1316 974
1316 993
1316 1019
1317 975
1317 993
1317 994
1317 1020
1318 976
1318 994
1318 1021
1319 977
1319 995
1319 1022
1320 978
1320 994
1320 996
1320 1023
1321 979
1321 995
1321 997
1321 1024
1322 980
1322 997
1322 998
1322 1025
1323 981
1323 998
1323 1026
1324 982
1324 999
1324 1027
1325 983
1325 996
1325 1028
1326 984
1326 997
1326 1000
1326 1029
1327 985
1327 998
1327 1000
1327 1001
1327 1030
1328 986
1328 999
1328 1002
1328 1031
1329 987
1329 1001
1329 1032
1330 988
1330 1002
1330 1003
1330 1033
1331 989
1331 1003
1331 1004
1331 1034
1332 990
1332 1004
1332 1035
1333 991
1333 1005
1333 1036
1334 1000
1334 1006
1334 1037
1335 1001
1335 1006
1335 1038
1336 1002
1336 1007
1336 1039
1337 1003
1337 1007
1337 1008
1337 1040
1338 1004
1338 1008
1338 1009
1338 1041
1339 1005
1339 1010
1339 1042
1340 1008
1340 1011
1340 1043
1341 1009
1341 1011
1341 1044
1342 1010
1342 1012
1342 1045
1343 1012
1343 1013
1343 1046
1344 1013
1344 1014
1344 1047
1345 1014
1345 1048
1346 1015
1346 1049
1347 992
1347 1016
1347 1050
1348 993
1348 1017
1348 1051
1349 994
1349 1017
1349 1018
1349 1052
1350 995
1350 1019
1350 1053
1351 996
1351 1018
1351 1054
1352 997
1352 1019
1352 1020
1352 1055
1353 998
1353 1020
1353 1021
1353 1056
1354 999
1354 1022
1354 1057
1355 1000
1355 1020
1355 1023
1355 1058
1356 1001
1356 1021
1356 1023
1356 1059
1357 1002
1357 1022
1357 1024
1357 1060
1358 1003
1358 1024
1358 1025
1358 1061
1359 1004
1359 1025
1359 1026
1359 1062
1360 1005
1360 1027
1360 1063
1361 1006
1361 1023
1361 1028
1361 1064
1362 1007
1362 1024
1362 1029
1362 1065
1363 1008
1363 1025
1363 1029
1363 1030
1363 1066
1364 1009
1364 1026
1364 1030
1364 1067
1365 1010
1365 1027
1365 1031
1365 1068
1366 1011
1366 1030
1366 1032
1366 1069
1367 1012
1367 1031
1367 1033
1367 1070
1368 1013
1368 1033
1368 1034
1368 1071
1369 1014
1369 1034
1369 1035
1369 1072
1370 1015
1370 1036
1370 1073
1371 1028
1371 1074
1372 1029
1372 1037
1372 1075
1373 1030
1373 1037
1373 1038
1373 1076
1374 1031
1374 1039
1374 1077
1375 1032
1375 1038
1375 1078
1376 1033
1376 1039
1376 1040
1376 1079
1377 1034
1377 1040
1377 1041
1377 1080
1378 1035
1378 1041
1378 1081
1379 1036
1379 1042
1379 1082
1380 1040
1380 1043
1380 1083
1381 1041
1381 1043
1381 1044
1381 1084
1382 1042
1382 1045
1382 1085
1383 1044
1383 1086
1384 1045
1384 1046
1384 1087
1385 1046
1385 1047
1385 1088
1386 1047
1386 1048
1386 1089
1387 1049
1387 1090
1388 1016
1388 1091
1389 1017
1389 1050
1389 1092
1390 1018
1390 1050
1390 1093
1391 1019
1391 1051
1391 1094
1392 1020
1392 1051
1392 1052
1392 1095
1393 1021
1393 1052
1393 1096
1394 1022
1394 1053
1394 1097
1395 1023
1395 1052
1395 1054
1395 1098
1396 1024
1396 1053
1396 1055
1396 1099
1397 1025
1397 1055
1397 1056
1397 1100
1398 1026
1398 1056
1398 1101
1399 1027
1399 1057
1399 1102
1400 1028
1400 1054
1400 1103
1401 1029
1401 1055
1401 1058
1401 1104
1402 1030
1402 1056
1402 1058
1402 1059
1402 1105
1403 1031
1403 1057
1403 1060
1403 1106
1404 1032
1404 1059
1404 1107
1405 1033
1405 1060
1405 1061
1405 1108
1406 1034
1406 1061
1406 1062
1406 1109
1407 1035
1407 1062
1407 1110
1408 1036
1408 1063
1408 1111
1409 1037
1409 1058
1409 1064
1409 1112
1410 1038
1410 1059
1410 1064
1410 1113
1411 1039
1411 1060
1411 1065
1411 1114
1412 1040
1412 1061
1412 1065
1412 1066
1412 1115
1413 1041
1413 1062
1413 1066
1413 1067
1413 1116
1414 1042
1414 1063
1414 1068
1414 1117
1415 1043
1415 1066
1415 1069
1415 1118
1416 1044
1416 1067
1416 1069
1416 1119
1417 1045
1417 1068
1417 1070
1417 1120
1418 1046
1418 1070
1418 1071
1418 1121
1419 1047
1419 1071
1419 1072
1419 1122
1420 1048
1420 1072
1420 1123
1421 1049
1421 1073
1421 1124
1422 1064
1422 1074
1422 1125
1423 1065
1423 1075
1423 1126
1424 1066
1424 1075
1424 1076
1424 1127
1425 1067
1425 1076
1425 1128
1426 1068
1426 1077
1426 1129
1427 1069
1427 1076
1427 1078
1427 1130
1428 1070
1428 1077
1428 1079
1428 1131
1429 1071
1429 1079
1429 1080
1429 1132
1430 1072
1430 1080
1430 1081
1430 1133
1431 1073
1431 1082
1431 1134
1432 1078
1432 1135
1433 1079
1433 1083
1433 1136
1434 1080
1434 1083
1434 1084
1434 1137
1435 1081
1435 1084
1435 1138
1436 1082
1436 1085
1436 1139
1437 1084
1437 1086
1437 1140
1438 1085
1438 1087
1438 1141
1439 1087
1439 1088
1439 1142
1440 1088
1440 1089
1440 1143
1441 1089
1441 1144
1442 1090
1442 1145
1443 1050
1443 1091
1443 1146
1444 1051
1444 1092
1444 1147
1445 1052
1445 1092
1445 1093
1445 1148
1446 1053
1446 1094
1446 1149
1447 1054
1447 1093
1447 1150
1448 1055
1448 1094
1448 1095
1448 1151
1449 1056
1449 1095
1449 1096
1449 1152
1450 1057
1450 1097
1450 1153
1451 1058
1451 1095
1451 1098
1451 1154
1452 1059
1452 1096
1452 1098
1452 1155
1453 1060
1453 1097
1453 1099
1453 1156
1454 1061
1454 1099
1454 1100
1454 1157
1455 1062
1455 1100
1455 1101
1455 1158
1456 1063
1456 1102
1456 1159
1457 1064
1457 1098
1457 1103
1457 1160
1458 1065
1458 1099
1458 1104
1458 1161
1459 1066
1459 1100
1459 1104
1459 1105
1459 1162
1460 1067
1460 1101
1460 1105
1460 1163
1461 1068
1461 1102
1461 1106
1461 1164
1462 1069
1462 1105
1462 1107
1462 1165
1463 1070
1463 1106
1463 1108
1463 1166
1464 1071
1464 1108
1464 1109
1464 1167
1465 1072
1465 1109
1465 1110
1465 1168
1466 1073
1466 1111
1466 1169
1467 1074
1467 1103
1467 1170
1468 1075
1468 1104
1468 1112
1468 1171
1469 1076
1469 1105
1469 1112
1469 1113
1469 1172
1470 1077
1470 1106
1470 1114
1470 1173
1471 1078
1471 1107
1471 1113
1471 1174
1472 1079
1472 1108
1472 1114
1472 1115
1472 1175
1473 1080
1473 1109
1473 1115
1473 1116
1473 1176
1474 1081
1474 1110
1474 1116
1474 1177
1475 1082
1475 1111
1475 1117
1475 1178
1476 1083
1476 1115
1476 1118
1476 1179
1477 1084
1477 1116
1477 1118
1477 1119
1477 1180
1478 1085
1478 1117
1478 1120
1478 1181
1479 1086
1479 1119
1479 1182
1480 1087
1480 1120
1480 1121
1480 1183
1481 1088
1481 1121
1481 1122
1481 1184
1482 1089
1482 1122
1482 1123
1482 1185
1483 1090
1483 1124
1483 1186
1484 1112
1484 1125
1484 1187
1485 1113
1485 1125
1485 1188
1486 1114
1486 1126
1486 1189
1487 1115
1487 1126
1487 1127
1487 1190
1488 1116
1488 1127
1488 1128
1488 1191
1489 1117
1489 1129
1489 1192
1490 1118
1490 1127
1490 1130
1490 1193
1491 1119
1491 1128
1491 1130
1491 1194
1492 1120
1492 1129
1492 1131
1492 1195
1493 1121
1493 1131
1493 1132
1493 1196
1494 1122
1494 1132
1494 1133
1494 1197
1495 1123
1495 1133
1495 1198
1496 1124
1496 1134
1496 1199
1497 1130
1497 1135
1497 1200
1498 1131
1498 1136
1498 1201
1499 1132
1499 1136
1499 1137
1499 1202
1500 1133
1500 1137
1500 1138
1500 1203
1501 1134
1501 1139
1501 1204
1502 1137
1502 1140
1502 1205
1503 1138
1503 1140
1503 1206
1504 1139
1504 1141
1504 1207
1505 1141
1505 1142
1505 1208
1506 1142
1506 1143
1506 1209
1507 1143
1507 1144
1507 1210
1508 1145
1508 1211
1509 1091
1510 1092
1510 1146
1511 1093
1511 1146
1512 1094
1512 1147
1513 1095
1513 1147
1513 1148
1514 1096
1514 1148
1515 1097
1515 1149
1516 1098
1516 1148
1516 1150
1517 1099
1517 1149
1517 1151
1518 1100
1518 1151
1518 1152
1519 1101
1519 1152
1520 1102
1520 1153
1521 1103
1521 1150
1522 1104
1522 1151
1522 1154
1523 1105
1523 1152
1523 1154
1523 1155
1524 1106
1524 1153
1524 1156
1525 1107
1525 1155
1526 1108
1526 1156
1526 1157
1527 1109
1527 1157
1527 1158
1528 1110
1528 1158
1529 1111
1529 1159
1530 1112
1530 1154
1530 1160
1531 1113
1531 1155
1531 1160
1532 1114
1532 1156
1532 1161
1533 1115
1533 1157
1533 1161
1533 1162
1534 1116
1534 1158
1534 1162
1534 1163
1535 1117
1535 1159
1535 1164
1536 1118
1536 1162
1536 1165
1537 1119
1537 1163
1537 1165
1538 1120
1538 1164
1538 1166
1539 1121
1539 1166
1539 1167
1540 1122
1540 1167
1540 1168
1541 1123
1541 1168
1542 1124
1542 1169
1543 1125
1543 1160
1543 1170
1544 1126
1544 1161
1544 1171
1545 1127
1545 1162
1545 1171
1545 1172
1546 1128
1546 1163
1546 1172
1547 1129
1547 1164
1547 1173
1548 1130
1548 1165
1548 1172
1548 1174
1549 1131
1549 1166
1549 1173
1549 1175
1550 1132
1550 1167
1550 1175
1550 1176
1551 1133
1551 1168
1551 1176
1551 1177
1552 1134
1552 1169
1552 1178
1553 1135
1553 1174
1554 1136
1554 1175
1554 1179
1555 1137
1555 1176
1555 1179
1555 1180
1556 1138
1556 1177
1556 1180
1557 1139
1557 1178
1557 1181
1558 1140
1558 1180
1558 1182
1559 1141
1559 1181
1559 1183
1560 1142
1560 1183
1560 1184
1561 1143
1561 1184
1561 1185
1562 1144
1562 1185
1563 1145
1563 1186
1564 1170
1565 1171
1565 1187
1566 1172
1566 1187
1566 1188
1567 1173
1567 1189
1568 1174
1568 1188
1569 1175
1569 1189
1569 1190
1570 1176
1570 1190
1570 1191
1571 1177
1571 1191
1572 1178
1572 1192
1573 1179
1573 1190
1573 1193
1574 1180
1574 1191
1574 1193
1574 1194
1575 1181
1575 1192
1575 1195
1576 1182
1576 1194
1577 1183
1577 1195
1577 1196
1578 1184
1578 1196
1578 1197
1579 1185
1579 1197
1579 1198
1580 1186
1580 1199
1581 1193
1581 1200
1582 1194
1582 1200
1583 1195
1583 1201
1584 1196
1584 1201
1584 1202
1585 1197
1585 1202
1585 1203
1586 1198
1586 1203
1587 1199
1587 1204
1588 1202
1588 1205
1589 1203
1589 1205
1589 1206
1590 1204
1590 1207
1591 1206
1592 1207
1592 1208
1593 1208
1593 1209
1594 1209
1594 1210
1595 1210
1596 1211
1597 1212
1598 1212
1598 1213
1599 1213
1599 1214
1600 1213
1600 1215
1601 1214
1601 1216
1602 1214
1602 1215
1602 1217
1603 1216
1603 1218
1604 1215
1604 1219
1605 1216
1605 1217
1605 1220
1606 1217
1606 1221
1607 1218
1607 1222
1608 1217
1608 1219
1608 1223
1609 1218
1609 1220
1609 1224
1610 1220
1610 1221
1610 1225
1611 1222
1611 1226
1612 1219
1612 1227
1613 1220
1613 1223
1613 1228
1614 1221
1614 1223
1614 1229
1615 1222
1615 1224
1615 1230
1616 1224
1616 1225
1616 1231
1617 1225
1617 1232
1618 1226
1618 1233
1619 1223
1619 1227
1619 1234
1620 1224
1620 1228
1620 1235
1621 1225
1621 1228
1621 1229
1621 1236
1622 1226
1622 1230
1622 1237
1623 1229
1623 1238
1624 1230
1624 1231
1624 1239
1625 1231
1625 1232
1625 1240
1626 1233
1626 1241
1627 1227
1627 1242
1628 1228
1628 1234
1628 1243
1629 1229
1629 1234
1629 1244
1630 1230
1630 1235
1630 1245
1631 1231
1631 1235
1631 1236
1631 1246
1632 1232
1632 1236
1632 1247
1633 1233
1633 1237
1633 1248
1634 1236
1634 1238
1634 1249
1635 1237
1635 1239
1635 1250
1636 1239
1636 1240
1636 1251
1637 1240
1637 1252
1638 1241
1638 1253
1639 1234
1639 1242
1639 1254
1640 1235
1640 1243
1640 1255
1641 1236
1641 1243
1641 1244
1641 1256
1642 1237
1642 1245
1642 1257
1643 1238
1643 1244
1643 1258
1644 1239
1644 1245
1644 1246
1644 1259
1645 1240
1645 1246
1645 1247
1645 1260
1646 1241
1646 1248
1646 1261
1647 1246
1647 1249
1647 1262
1648 1247
1648 1249
1648 1263
1649 1248
1649 1250
1649 1264
1650 1250
1650 1251
1650 1265
1651 1251
1651 1252
1651 1266
1652 1253
1652 1267
1653 1242
1653 1268
1654 1243
1654 1254
1654 1269
1655 1244
1655 1254
1655 1270
1656 1245
1656 1255
1656 1271
1657 1246
1657 1255
1657 1256
1657 1272
1658 1247
1658 1256
1658 1273
1659 1248
1659 1257
1659 1274
1660 1249
1660 1256
1660 1258
1660 1275
1661 1250
1661 1257
1661 1259
1661 1276
1662 1251
1662 1259
1662 1260
1662 1277
1663 1252
1663 1260
1663 1278
1664 1253
1664 1261
1664 1279
1665 1258
1665 1280
1666 1259
1666 1262
1666 1281
1667 1260
1667 1262
1667 1263
1667 1282
1668 1261
1668 1264
1668 1283
1669 1263
1669 1284
1670 1264
1670 1265
1670 1285
1671 1265
1671 1266
1671 1286
1672 1266
1672 1287
1673 1267
1673 1288
1674 1254
1674 1268
1674 1289
1675 1255
1675 1269
1675 1290
1676 1256
1676 1269
1676 1270
1676 1291
1677 1257
1677 1271
1677 1292
1678 1258
1678 1270
1678 1293
1679 1259
1679 1271
1679 1272
1679 1294
1680 1260
1680 1272
1680 1273
1680 1295
1681 1261
1681 1274
1681 1296
1682 1262
1682 1272
1682 1275
1682 1297
1683 1263
1683 1273
1683 1275
1683 1298
1684 1264
1684 1274
1684 1276
1684 1299
1685 1265
1685 1276
1685 1277
1685 1300
1686 1266
1686 1277
1686 1278
1686 1301
1687 1267
1687 1279
1687 1302
1688 1275
1688 1280
1688 1303
1689 1276
1689 1281
1689 1304
1690 1277
1690 1281
1690 1282
1690 1305
1691 1278
1691 1282
1691 1306
1692 1279
1692 1283
1692 1307
1693 1282
1693 1284
1693 1308
1694 1283
1694 1285
1694 1309
1695 1285
1695 1286
1695 1310
1696 1286
1696 1287
1696 1311
1697 1288
1697 1312
1698 1268
1698 1313
1699 1269
1699 1289
1699 1314
1700 1270
1700 1289
1700 1315
1701 1271
1701 1290
1701 1316
1702 1272
1702 1290
1702 1291
1702 1317
1703 1273
1703 1291
1703 1318
1704 1274
1704 1292
1704 1319
1705 1275
1705 1291
1705 1293
1705 1320
1706 1276
1706 1292
1706 1294
1706 1321
1707 1277
1707 1294
1707 1295
1707 1322
1708 1278
1708 1295
1708 1323
1709 1279
1709 1296
1709 1324
1710 1280
1710 1293
1710 1325
1711 1281
1711 1294
1711 1297
1711 1326
1712 1282
1712 1295
1712 1297
1712 1298
1712 1327
1713 1283
1713 1296
1713 1299
1713 1328
1714 1284
1714 1298
1714 1329
1715 1285
1715 1299
1715 1300
1715 1330
1716 1286
1716 1300
1716 1301
1716 1331
1717 1287
1717 1301
1717 1332
1718 1288
1718 1302
1718 1333
1719 1297
1719 1303
1719 1334
1720 1298
1720 1303
1720 1335
1721 1299
1721 1304
1721 1336
1722 1300
1722 1304
1722 1305
1722 1337
1723 1301
1723 1305
1723 1306
1723 1338
1724 1302
1724 1307
1724 1339
1725 1305
1725 1308
1725 1340
1726 1306
1726 1308
1726 1341
1727 1307
1727 1309
1727 1342
1728 1309
1728 1310
1728 1343
1729 1310
1729 1311
1729 1344
1730 1311
1730 1345
1731 1312
1731 1346
1732 1289
1732 1313
1732 1347
1733 1290
1733 1314
1733 1348
1734 1291
1734 1314
1734 1315
1734 1349
1735 1292
1735 1316
1735 1350
1736 1293
1736 1315
1736 1351
1737 1294
1737 1316
1737 1317
1737 1352
1738 1295
1738 1317
1738 1318
1738 1353
1739 1296
1739 1319
1739 1354
1740 1297
1740 1317
1740 1320
1740 1355
1741 1298
1741 1318
1741 1320
1741 1356
1742 1299
1742 1319
1742 1321
1742 1357
1743 1300
1743 1321
1743 1322
1743 1358
1744 1301
1744 1322
1744 1323
1744 1359
1745 1302
1745 1324
1745 1360
1746 1303
1746 1320
1746 1325
1746 1361
1747 1304
1747 1321
1747 1326
1747 1362
1748 1305
1748 1322
1748 1326
1748 1327
1748 1363
1749 1306
1749 1323
1749 1327
1749 1364
1750 1307
1750 1324
1750 1328
1750 1365
1751 1308
1751 1327
1751 1329
1751 1366
1752 1309
1752 1328
1752 1330
1752 1367
1753 1310
1753 1330
1753 1331
1753 1368
1754 1311
1754 1331
1754 1332
1754 1369
1755 1312
1755 1333
1755 1370
1756 1325
1756 1371
1757 1326
1757 1334
1757 1372
1758 1327
1758 1334
1758 1335
1758 1373
1759 1328
1759 1336
1759 1374
1760 1329
1760 1335
1760 1375
1761 1330
1761 1336
1761 1337
1761 1376
1762 1331
1762 1337
1762 1338
1762 1377
1763 1332
1763 1338
1763 1378
1764 1333
1764 1339
1764 1379
1765 1337
1765 1340
1765 1380
1766 1338
1766 1340
1766 1341
1766 1381
1767 1339
1767 1342
1767 1382
1768 1341
1768 1383
1769 1342
1769 1343
1769 1384
1770 1343
1770 1344
1770 1385
1771 1344
1771 1345
1771 1386
1772 1346
1772 1387
1773 1313
1773 1388
1774 1314
1774 1347
1774 1389
1775 1315
1775 1347
1775 1390
1776 1316
1776 1348
1776 1391
1777 1317
1777 1348
1777 1349
1777 1392
1778 1318
1778 1349
1778 1393
1779 1319
1779 1350
1779 1394
1780 1320
1780 1349
1780 1351
1780 1395
1781 1321
1781 1350
1781 1352
1781 1396
1782 1322
1782 1352
1782 1353
1782 1397
1783 1323
1783 1353
1783 1398
1784 1324
1784 1354
1784 1399
1785 1325
1785 1351
1785 1400
1786 1326
1786 1352
1786 1355
1786 1401
1787 1327
1787 1353
1787 1355
1787 1356
1787 1402
1788 1328
1788 1354
1788 1357
1788 1403
1789 1329
1789 1356
1789 1404
1790 1330
1790 1357
1790 1358
1790 1405
1791 1331
1791 1358
1791 1359
1791 1406
1792 1332
1792 1359
1792 1407
1793 1333
1793 1360
1793 1408
1794 1334
1794 1355
1794 1361
1794 1409
1795 1335
1795 1356
1795 1361
1795 1410
1796 1336
1796 1357
1796 1362
1796 1411
1797 1337
1797 1358
1797 1362
1797 1363
1797 1412
1798 1338
1798 1359
1798 1363
1798 1364
1798 1413
1799 1339
1799 1360
1799 1365
1799 1414
1800 1340
1800 1363
1800 1366
1800 1415
1801 1341
1801 1364
1801 1366
1801 1416
1802 1342
1802 1365
1802 1367
1802 1417
1803 1343
1803 1367
1803 1368
1803 1418
1804 1344
1804 1368
1804 1369
1804 1419
1805 1345
1805 1369
1805 1420
1806 1346
1806 1370
1806 1421
1807 1361
1807 1371
1807 1422
1808 1362
1808 1372
1808 1423
1809 1363
1809 1372
1809 1373
1809 1424
1810 1364
1810 1373
1810 1425
1811 1365
1811 1374
1811 1426
1812 1366
1812 1373
1812 1375
1812 1427
1813 1367
1813 1374
1813 1376
1813 1428
1814 1368
1814 1376
1814 1377
1814 1429
1815 1369
1815 1377
1815 1378
1815 1430
1816 1370
1816 1379
1816 1431
1817 1375
1817 1432
1818 1376
1818 1380
1818 1433
1819 1377
1819 1380
1819 1381
1819 1434
1820 1378
1820 1381
1820 1435
1821 1379
1821 1382
1821 1436
1822 1381
1822 1383
1822 1437
1823 1382
1823 1384
1823 1438
1824 1384
1824 1385
1824 1439
1825 1385
1825 1386
1825 1440
1826 1386
1826 1441
1827 1387
1827 1442
1828 1347
1828 1388
1828 1443
1829 1348
1829 1389
1829 1444
1830 1349
1830 1389
1830 1390
1830 1445
1831 1350
1831 1391
1831 1446
1832 1351
1832 1390
1832 1447
1833 1352
1833 1391
1833 1392
1833 1448
1834 1353
1834 1392
1834 1393
1834 1449
1835 1354
1835 1394
1835 1450
1836 1355
1836 1392
1836 1395
1836 1451
1837 1356
1837 1393
1837 1395
1837 1452
1838 1357
1838 1394
1838 1396
1838 1453
1839 1358
1839 1396
1839 1397
1839 1454
1840 1359
1840 1397
1840 1398
1840 1455
1841 1360
1841 1399
1841 1456
1842 1361
1842 1395
1842 1400
1842 1457
1843 1362
1843 1396
1843 1401
1843 1458
1844 1363
1844 1397
1844 1401
1844 1402
1844 1459
1845 1364
1845 1398
1845 1402
1845 1460
1846 1365
1846 1399
1846 1403
1846 1461
1847 1366
1847 1402
1847 1404
1847 1462
1848 1367
1848 1403
1848 1405
1848 1463
1849 1368
1849 1405
1849 1406
1849 1464
1850 1369
1850 1406
1850 1407
1850 1465
1851 1370
1851 1408
1851 1466
1852 1371
1852 1400
1852 1467
1853 1372
1853 1401
1853 1409
1853 1468
1854 1373
1854 1402
1854 1409
1854 1410
1854 1469
1855 1374
1855 1403
1855 1411
1855 1470
1856 1375
1856 1404
1856 1410
1856 1471
1857 1376
1857 1405
1857 1411
1857 1412
1857 1472
1858 1377
1858 1406
1858 1412
1858 1413
1858 1473
1859 1378
1859 1407
1859 1413
1859 1474
1860 1379
1860 1408
1860 1414
1860 1475
1861 1380
1861 1412
1861 1415
1861 1476
1862 1381
1862 1413
1862 1415
1862 1416
1862 1477
1863 1382
1863 1414
1863 1417
1863 1478
1864 1383
1864 1416
1864 1479
1865 1384
1865 1417
1865 1418
1865 1480
1866 1385
1866 1418
1866 1419
1866 1481
1867 1386
1867 1419
1867 1420
1867 1482
1868 1387
1868 1421
1868 1483
1869 1409
1869 1422
1869 1484
1870 1410
1870 1422
1870 1485
1871 1411
1871 1423
1871 1486
1872 1412
1872 1423
1872 1424
1872 1487
1873 1413
1873 1424
1873 1425
1873 1488
1874 1414
1874 1426
1874 1489
1875 1415
1875 1424
1875 1427
1875 1490
1876 1416
1876 1425
1876 1427
1876 1491
1877 1417
1877 1426
1877 1428
1877 1492
1878 1418
1878 1428
1878 1429
1878 1493
1879 1419
1879 1429
1879 1430
1879 1494
1880 1420
1880 1430
1880 1495
1881 1421
1881 1431
1881 1496
1882 1427
1882 1432
1882 1497
1883 1428
1883 1433
1883 1498
1884 1429
1884 1433
1884 1434
1884 1499
1885 1430
1885 1434
1885 1435
1885 1500
1886 1431
1886 1436
1886 1501
1887 1434
1887 1437
1887 1502
1888 1435
1888 1437
1888 1503
1889 1436
1889 1438
1889 1504
1890 1438
1890 1439
1890 1505
1891 1439
1891 1440
1891 1506
1892 1440
1892 1441
1892 1507
1893 1442
1893 1508
1894 1388
1894 1509
1895 1389
1895 1443
1895 1510
1896 1390
1896 1443
1896 1511
1897 1391
1897 1444
1897 1512
1898 1392
1898 1444
1898 1445
1898 1513
1899 1393
1899 1445
1899 1514
1900 1394
1900 1446
1900 1515
1901 1395
1901 1445
1901 1447
1901 1516
1902 1396
1902 1446
1902 1448
1902 1517
1903 1397
1903 1448
1903 1449
1903 1518
1904 1398
1904 1449
1904 1519
1905 1399
1905 1450
1905 1520
1906 1400
1906 1447
1906 1521
1907 1401
1907 1448
1907 1451
1907 1522
1908 1402
1908 1449
1908 1451
1908 1452
1908 1523
1909 1403
1909 1450
1909 1453
1909 1524
1910 1404
1910 1452
1910 1525
1911 1405
1911 1453
1911 1454
1911 1526
1912 1406
1912 1454
1912 1455
1912 1527
1913 1407
1913 1455
1913 1528
1914 1408
1914 1456
1914 1529
1915 1409
1915 1451
1915 1457
1915 1530
1916 1410
1916 1452
1916 1457
1916 1531
1917 1411
1917 1453
1917 1458
1917 1532
1918 1412
1918 1454
1918 1458
1918 1459
1918 1533
1919 1413
1919 1455
1919 1459
1919 1460
1919 1534
1920 1414
1920 1456
1920 1461
1920 1535
1921 1415
1921 1459
1921 1462
1921 1536
1922 1416
1922 1460
1922 1462
1922 1537
1923 1417
1923 1461
1923 1463
1923 1538
1924 1418
1924 1463
1924 1464
1924 1539
1925 1419
1925 1464
1925 1465
1925 1540
1926 1420
1926 1465
1926 1541
1927 1421
1927 1466
1927 1542
1928 1422
1928 1457
1928 1467
1928 1543
1929 1423
1929 1458
1929 1468
1929 1544
1930 1424
1930 1459
1930 1468
1930 1469
1930 1545
1931 1425
1931 1460
1931 1469
1931 1546
1932 1426
1932 1461
1932 1470
1932 1547
1933 1427
1933 1462
1933 1469
1933 1471
1933 1548
1934 1428
1934 1463
1934 1470
1934 1472
1934 1549
1935 1429
1935 1464
1935 1472
1935 1473
1935 1550
1936 1430
1936 1465
1936 1473
1936 1474
1936 1551
1937 1431
1937 1466
1937 1475
1937 1552
1938 1432
1938 1471
1938 1553
1939 1433
1939 1472
1939 1476
1939 1554
1940 1434
1940 1473
1940 1476
1940 1477
1940 1555
1941 1435
1941 1474
1941 1477
1941 1556
1942 1436
1942 1475
1942 1478
1942 1557
1943 1437
1943 1477
1943 1479
1943 1558
1944 1438
1944 1478
1944 1480
1944 1559
1945 1439
1945 1480
1945 1481
1945 1560
1946 1440
1946 1481
1946 1482
1946 1561
1947 1441
1947 1482
1947 1562
1948 1442
1948 1483
1948 1563
1949 1467
1949 1564
1950 1468
1950 1484
1950 1565
1951 1469
1951 1484
1951 1485
1951 1566
1952 1470
1952 1486
1952 1567
1953 1471
1953 1485
1953 1568
1954 1472
1954 1486
1954 1487
1954 1569
1955 1473
1955 1487
1955 1488
1955 1570
1956 1474
1956 1488
1956 1571
1957 1475
1957 1489
1957 1572
1958 1476
1958 1487
1958 1490
1958 1573
1959 1477
1959 1488
1959 1490
1959 1491
1959 1574
1960 1478
1960 1489
1960 1492
1960 1575
1961 1479
1961 1491
1961 1576
1962 1480
1962 1492
1962 1493
1962 1577
1963 1481
1963 1493
1963 1494
1963 1578
1964 1482
1964 1494
1964 1495
1964 1579
1965 1483
1965 1496
1965 1580
1966 1490
1966 1497
1966 1581
1967 1491
1967 1497
1967 1582
1968 1492
1968 1498
1968 1583
1969 1493
1969 1498
1969 1499
1969 1584
1970 1494
1970 1499
1970 1500
1970 1585
1971 1495
1971 1500
1971 1586
1972 1496
1972 1501
1972 1587
1973 1499
1973 1502
1973 1588
1974 1500
1974 1502
1974 1503
1974 1589
1975 1501
1975 1504
1975 1590
1976 1503
1976 1591
1977 1504
1977 1505
1977 1592
1978 1505
1978 1506
1978 1593
1979 1506
1979 1507
1979 1594
1980 1507
1980 1595
1981 1508
1981 1596
1982 1443
1982 1509
1983 1444
1983 1510
1984 1445
1984 1510
1984 1511
1985 1446
1985 1512
1986 1447
1986 1511
1987 1448
1987 1512
1987 1513
1988 1449
1988 1513
1988 1514
1989 1450
1989 1515
1990 1451
1990 1513
1990 1516
1991 1452
1991 1514
1991 1516
1992 1453
1992 1515
1992 1517
1993 1454
1993 1517
1993 1518
1994 1455
1994 1518
1994 1519
1995 1456
1995 1520
1996 1457
1996 1516
1996 1521
1997 1458
1997 1517
1997 1522
1998 1459
1998 1518
1998 1522
1998 1523
1999 1460
1999 1519
1999 1523
2000 1461
2000 1520
2000 1524
2001 1462
2001 1523
2001 1525
2002 1463
2002 1524
2002 1526
2003 1464
2003 1526
2003 1527
2004 1465
2004 1527
2004 1528
2005 1466
2005 1529
2006 1467
2006 1521
2007 1468
2007 1522
2007 1530
2008 1469
2008 1523
2008 1530
2008 1531
2009 1470
2009 1524
2009 1532
2010 1471
2010 1525
2010 1531
2011 1472
2011 1526
2011 1532
2011 1533
2012 1473
2012 1527
2012 1533
2012 1534
2013 1474
2013 1528
2013 1534
2014 1475
2014 1529
2014 1535
2015 1476
2015 1533
2015 1536
2016 1477
2016 1534
2016 1536
2016 1537
2017 1478
2017 1535
2017 1538
2018 1479
2018 1537
2019 1480
2019 1538
2019 1539
2020 1481
2020 1539
2020 1540
2021 1482
2021 1540
2021 1541
2022 1483
2022 1542
2023 1484
2023 1530
2023 1543
2024 1485
2024 1531
2024 1543
2025 1486
2025 1532
2025 1544
2026 1487
2026 1533
2026 1544
2026 1545
2027 1488
2027 1534
2027 1545
2027 1546
2028 1489
2028 1535
2028 1547
2029 1490
2029 1536
2029 1545
2029 1548
2030 1491
2030 1537
2030 1546
2030 1548
2031 1492
2031 1538
2031 1547
2031 1549
2032 1493
2032 1539
2032 1549
2032 1550
2033 1494
2033 1540
2033 1550
2033 1551
2034 1495
2034 1541
2034 1551
2035 1496
2035 1542
2035 1552
2036 1497
2036 1548
2036 1553
2037 1498
2037 1549
2037 1554
2038 1499
2038 1550
2038 1554
2038 1555
2039 1500
2039 1551
2039 1555
2039 1556
2040 1501
2040 1552
2040 1557
2041 1502
2041 1555
2041 1558
2042 1503
2042 1556
2042 1558
2043 1504
2043 1557
2043 1559
2044 1505
2044 1559
2044 1560
2045 1506
2045 1560
2045 1561
2046 1507
2046 1561
2046 1562
2047 1508
2047 1563
2048 1543
2048 1564
2049 1544
2049 1565
2050 1545
2050 1565
2050 1566
2051 1546
2051 1566
2052 1547
2052 1567
2053 1548
2053 1566
2053 1568
2054 1549
2054 1567
2054 1569
2055 1550
2055 1569
2055 1570
2056 1551
2056 1570
2056 1571
2057 1552
2057 1572
2058 1553
2058 1568
2059 1554
2059 1569
2059 1573
2060 1555
2060 1570
2060 1573
2060 1574
2061 1556
2061 1571
2061 1574
2062 1557
2062 1572
2062 1575
2063 1558
2063 1574
2063 1576
2064 1559
2064 1575
2064 1577
2065 1560
2065 1577
2065 1578
2066 1561
2066 1578
2066 1579
2067 1562
2067 1579
2068 1563
2068 1580
2069 1573
2069 1581
2070 1574
2070 1581
2070 1582
2071 1575
2071 1583
2072 1576
2072 1582
2073 1577
2073 1583
2073 1584
2074 1578
2074 1584
2074 1585
2075 1579
2075 1585
2075 1586
2076 1580
2076 1587
2077 1584
2077 1588
2078 1585
2078 1588
2078 1589
2079 1586
2079 1589
2080 1587
2080 1590
2081 1589
2081 1591
2082 1590
2082 1592
2083 1592
2083 1593
2084 1593
2084 1594
2085 1594
2085 1595
2086 1596
