# row col
0 1
2 1
3 1
4 2
5 2
5 3
6 3
7 4
8 4
8 5
9 5
9 6
10 5
11 6
12 7
13 7
13 8
14 8
14 9
15 8
15 10
16 9
16 11
17 9
17 10
18 11
19 12
20 12
20 13
21 13
21 14
22 13
22 15
23 14
23 16
24 14
24 15
24 17
25 16
25 18
26 15
27 16
27 17
28 17
29 18
30 19
31 19
31 20
32 20
32 21
33 20
33 22
34 21
34 23
35 21
35 22
35 24
36 23
36 25
37 22
37 26
38 23
38 24
38 27
39 24
39 28
40 25
40 29
41 24
41 26
42 25
42 27
43 27
43 28
44 29
45 30
46 30
46 31
47 31
47 32
48 31
48 33
49 32
49 34
50 32
50 33
50 35
51 34
51 36
52 33
52 37
53 34
53 35
53 38
54 35
54 39
55 36
55 40
56 35
56 37
56 41
57 36
57 38
57 42
58 38
58 39
58 43
59 40
59 44
60 37
61 38
61 41
62 39
62 41
63 40
63 42
64 42
64 43
65 43
66 44
67 45
68 45
68 46
69 46
69 47
70 46
70 48
71 47
71 49
72 47
72 48
72 50
73 49
73 51
74 48
74 52
75 49
75 50
75 53
76 50
76 54
77 51
77 55
78 50
78 52
78 56
79 51
79 53
79 57
80 53
80 54
80 58
81 55
81 59
82 52
82 60
83 53
83 56
83 61
84 54
84 56
84 62
85 55
85 57
85 63
86 57
86 58
86 64
87 58
87 65
88 59
88 66
89 56
89 60
90 57
90 61
91 58
91 61
91 62
92 59
92 63
93 62
94 63
94 64
95 64
95 65
96 66
97 67
98 67
98 68
99 68
99 69
100 68
100 70
101 69
101 71
102 69
102 70
102 72
103 71
103 73
104 70
104 74
105 71
105 72
105 75
106 72
106 76
107 73
107 77
108 72
108 74
108 78
109 73
109 75
109 79
110 75
110 76
110 80
111 77
111 81
112 74
112 82
113 75
113 78
113 83
114 76
114 78
114 84
115 77
115 79
115 85
116 79
116 80
116 86
117 80
117 87
118 81
118 88
119 78
119 82
119 89
120 79
120 83
120 90
121 80
121 83
121 84
121 91
122 81
122 85
122 92
123 84
123 93
124 85
124 86
124 94
125 86
125 87
125 95
126 88
126 96
127 82
128 83
128 89
129 84
129 89
130 85
130 90
131 86
131 90
131 91
132 87
132 91
133 88
133 92
134 91
134 93
135 92
135 94
136 94
136 95
137 95
138 96
139 97
140 97
140 98
141 98
141 99
142 98
142 100
143 99
143 101
144 99
144 100
144 102
145 101
145 103
146 100
146 104
147 101
147 102
147 105
148 102
148 106
149 103
149 107
150 102
150 104
150 108
151 103
151 105
151 109
152 105
152 106
152 110
153 107
153 111
154 104
154 112
155 105
155 108
155 113
156 106
156 108
156 114
157 107
157 109
157 115
158 109
158 110
158 116
159 110
159 117
160 111
160 118
161 108
161 112
161 119
162 109
162 113
162 120
163 110
163 113
163 114
163 121
164 111
164 115
164 122
165 114
165 123
166 115
166 116
166 124
167 116
167 117
167 125
168 118
168 126
169 112
169 127
170 113
170 119
170 128
171 114
171 119
171 129
172 115
172 120
172 130
173 116
173 120
173 121
173 131
174 117
174 121
174 132
175 118
175 122
175 133
176 121
176 123
176 134
177 122
177 124
177 135
178 124
178 125
178 136
179 125
179 137
180 126
180 138
181 119
181 127
182 120
182 128
183 121
183 128
183 129
184 122
184 130
185 123
185 129
186 124
186 130
186 131
187 125
187 131
187 132
188 126
188 133
189 131
189 134
190 132
190 134
191 133
191 135
192 135
192 136
193 136
193 137
194 138
195 139
196 139
196 140
197 140
197 141
198 140
198 142
199 141
199 143
200 141
200 142
200 144
201 143
201 145
202 142
202 146
203 143
203 144
203 147
204 144
204 148
205 145
205 149
206 144
206 146
206 150
207 145
207 147
207 151
208 147
208 148
208 152
209 149
209 153
210 146
210 154
211 147
211 150
211 155
212 148
212 150
212 156
213 149
213 151
213 157
214 151
214 152
214 158
215 152
215 159
216 153
216 160
217 150
217 154
217 161
218 151
218 155
218 162
219 152
219 155
219 156
219 163
220 153
220 157
220 164
221 156
221 165
222 157
222 158
222 166
223 158
223 159
223 167
224 160
224 168
225 154
225 169
226 155
226 161
226 170
227 156
227 161
227 171
228 157
228 162
228 172
229 158
229 162
229 163
229 173
230 159
230 163
230 174
231 160
231 164
231 175
232 163
232 165
232 176
233 164
233 166
233 177
234 166
234 167
234 178
235 167
235 179
236 168
236 180
237 161
237 169
237 181
238 162
238 170
238 182
239 163
239 170
239 171
239 183
240 164
240 172
240 184
241 165
241 171
241 185
242 166
242 172
242 173
242 186
243 167
243 173
243 174
243 187
244 168
244 175
244 188
245 173
245 176
245 189
246 174
246 176
246 190
247 175
247 177
247 191
248 177
248 178
248 192
249 178
249 179
249 193
250 180
250 194
251 169
252 170
252 181
253 171
253 181
254 172
254 182
255 173
255 182
255 183
256 174
256 183
257 175
257 184
258 176
258 183
258 185
259 177
259 184
259 186
260 178
260 186
260 187
261 179
261 187
262 180
262 188
263 185
264 186
264 189
265 187
265 189
265 190
266 188
266 191
267 190
268 191
268 192
269 192
269 193
270 193
271 194
272 195
273 195
273 196
274 196
274 197
275 196
275 198
276 197
276 199
277 197
277 198
277 200
278 199
278 201
279 198
279 202
280 199
280 200
280 203
281 200
281 204
282 201
282 205
283 200
283 202
283 206
284 201
284 203
284 207
285 203
285 204
285 208
286 205
286 209
287 202
287 210
288 203
288 206
288 211
289 204
289 206
289 212
290 205
290 207
290 213
291 207
291 208
291 214
292 208
292 215
293 209
293 216
294 206
294 210
294 217
295 207
295 211
295 218
296 208
296 211
296 212
296 219
297 209
297 213
297 220
298 212
298 221
299 213
299 214
299 222
300 214
300 215
300 223
301 216
301 224
302 210
302 225
303 211
303 217
303 226
304 212
304 217
304 227
305 213
305 218
305 228
306 214
306 218
306 219
306 229
307 215
307 219
307 230
308 216
308 220
308 231
309 219
309 221
309 232
310 220
310 222
310 233
311 222
311 223
311 234
312 223
312 235
313 224
313 236
314 217
314 225
314 237
315 218
315 226
315 238
316 219
316 226
316 227
316 239
317 220
317 228
317 240
318 221
318 227
318 241
319 222
319 228
319 229
319 242
320 223
320 229
320 230
320 243
321 224
321 231
321 244
322 229
322 232
322 245
323 230
323 232
323 246
324 231
324 233
324 247
325 233
325 234
325 248
326 234
326 235
326 249
327 236
327 250
328 225
328 251
329 226
329 237
329 252
330 227
330 237
330 253
331 228
331 238
331 254
332 229
332 238
332 239
332 255
333 230
333 239
333 256
334 231
334 240
334 257
335 232
335 239
335 241
335 258
336 233
336 240
336 242
336 259
337 234
337 242
337 243
337 260
338 235
338 243
338 261
339 236
339 244
339 262
340 241
340 263
341 242
341 245
341 264
342 243
342 245
342 246
342 265
343 244
343 247
343 266
344 246
344 267
345 247
345 248
345 268
346 248
346 249
346 269
347 249
347 270
348 250
348 271
349 237
349 251
350 238
350 252
351 239
351 252
351 253
352 240
352 254
353 241
353 253
354 242
354 254
354 255
355 243
355 255
355 256
356 244
356 257
357 245
357 255
357 258
358 246
358 256
358 258
359 247
359 257
359 259
360 248
360 259
360 260
361 249
361 260
361 261
362 250
362 262
363 258
363 263
364 259
364 264
365 260
365 264
365 265
366 261
366 265
367 262
367 266
368 265
368 267
369 266
369 268
370 268
370 269
371 269
371 270
372 271
373 272
374 272
374 273
375 273
375 274
376 273
376 275
377 274
377 276
378 274
378 275
378 277
379 276
379 278
380 275
380 279
381 276
381 277
381 280
382 277
382 281
383 278
383 282
384 277
384 279
384 283
385 278
385 280
385 284
386 280
386 281
386 285
387 282
387 286
388 279
388 287
389 280
389 283
389 288
390 281
390 283
390 289
391 282
391 284
391 290
392 284
392 285
392 291
393 285
393 292
394 286
394 293
395 283
395 287
395 294
396 284
396 288
396 295
397 285
397 288
397 289
397 296
398 286
398 290
398 297
399 289
399 298
400 290
400 291
400 299
401 291
401 292
401 300
402 293
402 301
403 287
403 302
404 288
404 294
404 303
405 289
405 294
405 304
406 290
406 295
406 305
407 291
407 295
407 296
407 306
408 292
408 296
408 307
409 293
409 297
409 308
410 296
410 298
410 309
411 297
411 299
411 310
412 299
412 300
412 311
413 300
413 312
414 301
414 313
415 294
415 302
415 314
416 295
416 303
416 315
417 296
417 303
417 304
417 316
418 297
418 305
418 317
419 298
419 304
419 318
420 299
420 305
420 306
420 319
421 300
421 306
421 307
421 320
422 301
422 308
422 321
423 306
423 309
423 322
424 307
424 309
424 323
425 308
425 310
425 324
426 310
426 311
426 325
427 311
427 312
427 326
428 313
428 327
429 302
429 328
430 303
430 314
430 329
431 304
431 314
431 330
432 305
432 315
432 331
433 306
433 315
433 316
433 332
434 307
434 316
434 333
435 308
435 317
435 334
436 309
436 316
436 318
436 335
437 310
437 317
437 319
437 336
438 311
438 319
438 320
438 337
439 312
439 320
439 338
440 313
440 321
440 339
441 318
441 340
442 319
442 322
442 341
443 320
443 322
443 323
443 342
444 321
444 324
444 343
445 323
445 344
446 324
446 325
446 345
447 325
447 326
447 346
448 326
448 347
449 327
449 348
450 314
450 328
450 349
451 315
451 329
451 350
452 316
452 329
452 330
452 351
453 317
453 331
453 352
454 318
454 330
454 353
455 319
455 331
455 332
455 354
456 320
456 332
456 333
456 355
457 321
457 334
457 356
458 322
458 332
458 335
458 357
459 323
459 333
459 335
459 358
460 324
460 334
460 336
460 359
461 325
461 336
461 337
461 360
462 326
462 337
462 338
462 361
463 327
463 339
463 362
464 335
464 340
464 363
465 336
465 341
465 364
466 337
466 341
466 342
466 365
467 338
467 342
467 366
468 339
468 343
468 367
469 342
469 344
469 368
470 343
470 345
470 369
471 345
471 346
471 370
472 346
472 347
472 371
473 348
473 372
474 328
475 329
475 349
476 330
476 349
477 331
477 350
478 332
478 350
478 351
479 333
479 351
480 334
480 352
481 335
481 351
481 353
482 336
482 352
482 354
483 337
483 354
483 355
484 338
484 355
485 339
485 356
486 340
486 353
487 341
487 354
487 357
488 342
488 355
488 357
488 358
489 343
489 356
489 359
490 344
490 358
491 345
491 359
491 360
492 346
492 360
492 361
493 347
493 361
494 348
494 362
495 357
495 363
496 358
496 363
497 359
497 364
498 360
498 364
498 365
499 361
499 365
499 366
500 362
500 367
501 365
501 368
502 366
502 368
503 367
503 369
504 369
504 370
505 370
505 371
506 371
507 372
508 373
509 373
509 374
510 374
510 375
511 374
511 376
512 375
512 377
513 375
513 376
513 378
514 377
514 379
515 376
515 380
516 377
516 378
516 381
517 378
517 382
518 379
518 383
519 378
519 380
519 384
520 379
520 381
520 385
521 381
521 382
521 386
522 383
522 387
523 380
523 388
524 381
524 384
524 389
525 382
525 384
525 390
526 383
526 385
526 391
527 385
527 386
527 392
528 386
528 393
529 387
529 394
530 384
530 388
530 395
531 385
531 389
531 396
532 386
532 389
532 390
532 397
533 387
533 391
533 398
534 390
534 399
535 391
535 392
535 400
536 392
536 393
536 401
537 394
537 402
538 388
538 403
539 389
539 395
539 404
540 390
540 395
540 405
541 391
541 396
541 406
542 392
542 396
542 397
542 407
543 393
543 397
543 408
544 394
544 398
544 409
545 397
545 399
545 410
546 398
546 400
546 411
547 400
547 401
547 412
548 401
548 413
549 402
549 414
550 395
550 403
550 415
551 396
551 404
551 416
552 397
552 404
552 405
552 417
553 398
553 406
553 418
554 399
554 405
554 419
555 400
555 406
555 407
555 420
556 401
556 407
556 408
556 421
557 402
557 409
557 422
558 407
558 410
558 423
559 408
559 410
559 424
560 409
560 411
560 425
561 411
561 412
561 426
562 412
562 413
562 427
563 414
563 428
564 403
564 429
565 404
565 415
565 430
566 405
566 415
566 431
567 406
567 416
567 432
568 407
568 416
568 417
568 433
569 408
569 417
569 434
570 409
570 418
570 435
571 410
571 417
571 419
571 436
572 411
572 418
572 420
572 437
573 412
573 420
573 421
573 438
574 413
574 421
574 439
575 414
575 422
575 440
576 419
576 441
577 420
577 423
577 442
578 421
578 423
578 424
578 443
579 422
579 425
579 444
580 424
580 445
581 425
581 426
581 446
582 426
582 427
582 447
583 427
583 448
584 428
584 449
585 415
585 429
585 450
586 416
586 430
586 451
587 417
587 430
587 431
587 452
588 418
588 432
588 453
589 419
589 431
589 454
590 420
590 432
590 433
590 455
591 421
591 433
591 434
591 456
592 422
592 435
592 457
593 423
593 433
593 436
593 458
594 424
594 434
594 436
594 459
595 425
595 435
595 437
595 460
596 426
596 437
596 438
596 461
597 427
597 438
597 439
597 462
598 428
598 440
598 463
599 436
599 441
599 464
600 437
600 442
600 465
601 438
601 442
601 443
601 466
602 439
602 443
602 467
603 440
603 444
603 468
604 443
604 445
604 469
605 444
605 446
605 470
606 446
606 447
606 471
607 447
607 448
607 472
608 449
608 473
609 429
609 474
610 430
610 450
610 475
611 431
611 450
611 476
612 432
612 451
612 477
613 433
613 451
613 452
613 478
614 434
614 452
614 479
615 435
615 453
615 480
616 436
616 452
616 454
616 481
617 437
617 453
617 455
617 482
618 438
618 455
618 456
618 483
619 439
619 456
619 484
620 440
620 457
620 485
621 441
621 454
621 486
622 442
622 455
622 458
622 487
623 443
623 456
623 458
623 459
623 488
624 444
624 457
624 460
624 489
625 445
625 459
625 490
626 446
626 460
626 461
626 491
627 447
627 461
627 462
627 492
628 448
628 462
628 493
629 449
629 463
629 494
630 458
630 464
630 495
631 459
631 464
631 496
632 460
632 465
632 497
633 461
633 465
633 466
633 498
634 462
634 466
634 467
634 499
635 463
635 468
635 500
636 466
636 469
636 501
637 467
637 469
637 502
638 468
638 470
638 503
639 470
639 471
639 504
640 471
640 472
640 505
641 472
641 506
642 473
642 507
643 450
643 474
644 451
644 475
645 452
645 475
645 476
646 453
646 477
647 454
647 476
648 455
648 477
648 478
649 456
649 478
649 479
650 457
650 480
651 458
651 478
651 481
652 459
652 479
652 481
653 460
653 480
653 482
654 461
654 482
654 483
655 462
655 483
655 484
656 463
656 485
657 464
657 481
657 486
658 465
658 482
658 487
659 466
659 483
659 487
659 488
660 467
660 484
660 488
661 468
661 485
661 489
662 469
662 488
662 490
663 470
663 489
663 491
664 471
664 491
664 492
665 472
665 492
665 493
666 473
666 494
667 486
668 487
668 495
669 488
669 495
669 496
670 489
670 497
671 490
671 496
672 491
672 497
672 498
673 492
673 498
673 499
674 493
674 499
675 494
675 500
676 498
676 501
677 499
677 501
677 502
678 500
678 503
679 502
680 503
680 504
681 504
681 505
682 505
682 506
683 507
684 508
685 508
685 509
686 509
686 510
687 509
687 511
688 510
688 512
689 510
689 511
689 513
690 512
690 514
691 511
691 515
692 512
692 513
692 516
693 513
693 517
694 514
694 518
695 513
695 515
695 519
696 514
696 516
696 520
697 516
697 517
697 521
698 518
698 522
699 515
699 523
700 516
700 519
700 524
701 517
701 519
701 525
702 518
702 520
702 526
703 520
703 521
703 527
704 521
704 528
705 522
705 529
706 519
706 523
706 530
707 520
707 524
707 531
708 521
708 524
708 525
708 532
709 522
709 526
709 533
710 525
710 534
711 526
711 527
711 535
712 527
712 528
712 536
713 529
713 537
714 523
714 538
715 524
715 530
715 539
716 525
716 530
716 540
717 526
717 531
717 541
718 527
718 531
718 532
718 542
719 528
719 532
719 543
720 529
720 533
720 544
721 532
721 534
721 545
722 533
722 535
722 546
723 535
723 536
723 547
724 536
724 548
725 537
725 549
726 530
726 538
726 550
727 531
727 539
727 551
728 532
728 539
728 540
728 552
729 533
729 541
729 553
730 534
730 540
730 554
731 535
731 541
731 542
731 555
732 536
732 542
732 543
732 556
733 537
733 544
733 557
734 542
734 545
734 558
735 543
735 545
735 559
736 544
736 546
736 560
737 546
737 547
737 561
738 547
738 548
738 562
739 549
739 563
740 538
740 564
741 539
741 550
741 565
742 540
742 550
742 566
743 541
743 551
743 567
744 542
744 551
744 552
744 568
745 543
745 552
745 569
746 544
746 553
746 570
747 545
747 552
747 554
747 571
748 546
748 553
748 555
748 572
749 547
749 555
749 556
749 573
750 548
750 556
750 574
751 549
751 557
751 575
752 554
752 576
753 555
753 558
753 577
754 556
754 558
754 559
754 578
755 557
755 560
755 579
756 559
756 580
757 560
757 561
757 581
758 561
758 562
758 582
759 562
759 583
760 563
760 584
761 550
761 564
761 585
762 551
762 565
762 586
763 552
763 565
763 566
763 587
764 553
764 567
764 588
765 554
765 566
765 589
766 555
766 567
766 568
766 590
767 556
767 568
767 569
767 591
768 557
768 570
768 592
769 558
769 568
769 571
769 593
770 559
770 569
770 571
770 594
771 560
771 570
771 572
771 595
772 561
772 572
772 573
772 596
773 562
773 573
773 574
773 597
774 563
774 575
774 598
775 571
775 576
775 599
776 572
776 577
776 600
777 573
777 577
777 578
777 601
778 574
778 578
778 602
779 575
779 579
779 603
780 578
780 580
780 604
781 579
781 581
781 605
782 581
782 582
782 606
783 582
783 583
783 607
784 584
784 608
785 564
785 609
786 565
786 585
786 610
787 566
787 585
787 611
788 567
788 586
788 612
789 568
789 586
789 587
789 613
790 569
790 587
790 614
791 570
791 588
791 615
792 571
792 587
792 589
792 616
793 572
793 588
793 590
793 617
794 573
794 590
794 591
794 618
795 574
795 591
795 619
796 575
796 592
796 620
797 576
797 589
797 621
798 577
798 590
798 593
798 622
799 578
799 591
799 593
799 594
799 623
800 579
800 592
800 595
800 624
801 580
801 594
801 625
802 581
802 595
802 596
802 626
803 582
803 596
803 597
803 627
804 583
804 597
804 628
805 584
805 598
805 629
806 593
806 599
806 630
807 594
807 599
807 631
808 595
808 600
808 632
809 596
809 600
809 601
809 633
810 597
810 601
810 602
810 634
811 598
811 603
811 635
812 601
812 604
812 636
813 602
813 604
813 637
814 603
814 605
814 638
815 605
815 606
815 639
816 606
816 607
816 640
817 607
817 641
818 608
818 642
819 585
819 609
819 643
820 586
820 610
820 644
821 587
821 610
821 611
821 645
822 588
822 612
822 646
823 589
823 611
823 647
824 590
824 612
824 613
824 648
825 591
825 613
825 614
825 649
826 592
826 615
826 650
827 593
827 613
827 616
827 651
828 594
828 614
828 616
828 652
829 595
829 615
829 617
829 653
830 596
830 617
830 618
830 654
831 597
831 618
831 619
831 655
832 598
832 620
832 656
833 599
833 616
833 621
833 657
834 600
834 617
834 622
834 658
835 601
835 618
835 622
835 623
835 659
836 602
836 619
836 623
836 660
837 603
837 620
837 624
837 661
838 604
838 623
838 625
838 662
839 605
839 624
839 626
839 663
840 606
840 626
840 627
840 664
841 607
841 627
841 628
841 665
842 608
842 629
842 666
843 621
843 667
844 622
844 630
844 668
845 623
845 630
845 631
845 669
846 624
846 632
846 670
847 625
847 631
847 671
848 626
848 632
848 633
848 672
849 627
849 633
849 634
849 673
850 628
850 634
850 674
851 629
851 635
851 675
852 633
852 636
852 676
853 634
853 636
853 637
853 677
854 635
854 638
854 678
855 637
855 679
856 638
856 639
856 680
857 639
857 640
857 681
858 640
858 641
858 682
859 642
859 683
860 609
861 610
861 643
862 611
862 643
863 612
863 644
864 613
864 644
864 645
865 614
865 645
866 615
866 646
867 616
867 645
867 647
868 617
868 646
868 648
869 618
869 648
869 649
870 619
870 649
871 620
871 650
872 621
872 647
873 622
873 648
873 651
874 623
874 649
874 651
874 652
875 624
875 650
875 653
876 625
876 652
877 626
877 653
877 654
878 627
878 654
878 655
879 628
879 655
880 629
880 656
881 630
881 651
881 657
882 631
882 652
882 657
883 632
883 653
883 658
884 633
884 654
884 658
884 659
885 634
885 655
885 659
885 660
886 635
886 656
886 661
887 636
887 659
887 662
888 637
888 660
888 662
889 638
889 661
889 663
890 639
890 663
890 664
891 640
891 664
891 665
892 641
892 665
893 642
893 666
894 657
894 667
895 658
895 668
896 659
896 668
896 669
897 660
897 669
898 661
898 670
899 662
899 669
899 671
900 663
900 670
900 672
901 664
901 672
901 673
902 665
902 673
902 674
903 666
903 675
904 671
905 672
905 676
906 673
906 676
906 677
907 674
907 677
908 675
908 678
909 677
909 679
910 678
910 680
911 680
911 681
912 681
912 682
913 682
914 683
915 684
916 684
916 685
917 685
917 686
918 685
918 687
919 686
919 688
920 686
920 687
920 689
921 688
921 690
922 687
922 691
923 688
923 689
923 692
924 689
924 693
925 690
925 694
926 689
926 691
926 695
927 690
927 692
927 696
928 692
928 693
928 697
929 694
929 698
930 691
930 699
931 692
931 695
931 700
932 693
932 695
932 701
933 694
933 696
933 702
934 696
934 697
934 703
935 697
935 704
936 698
936 705
937 695
937 699
937 706
938 696
938 700
938 707
939 697
939 700
939 701
939 708
940 698
940 702
940 709
941 701
941 710
942 702
942 703
942 711
943 703
943 704
943 712
944 705
944 713
945 699
945 714
946 700
946 706
946 715
947 701
947 706
947 716
948 702
948 707
948 717
949 703
949 707
949 708
949 718
950 704
950 708
950 719
951 705
951 709
951 720
952 708
952 710
952 721
953 709
953 711
953 722
954 711
954 712
954 723
955 712
955 724
956 713
956 725
957 706
957 714
957 726
958 707
958 715
958 727
959 708
959 715
959 716
959 728
960 709
960 717
960 729
961 710
961 716
961 730
962 711
962 717
962 718
962 731
963 712
963 718
963 719
963 732
964 713
964 720
964 733
965 718
965 721
965 734
966 719
966 721
966 735
967 720
967 722
967 736
968 722
968 723
968 737
969 723
969 724
969 738
970 725
970 739
971 714
971 740
972 715
972 726
972 741
973 716
973 726
973 742
974 717
974 727
974 743
975 718
975 727
975 728
975 744
976 719
976 728
976 745
977 720
977 729
977 746
978 721
978 728
978 730
978 747
979 722
979 729
979 731
979 748
980 723
980 731
980 732
980 749
981 724
981 732
981 750
982 725
982 733
982 751
983 730
983 752
984 731
984 734
984 753
985 732
985 734
985 735
985 754
986 733
986 736
986 755
987 735
987 756
988 736
988 737
988 757
989 737
989 738
989 758
990 738
990 759
991 739
991 760
992 726
992 740
992 761
993 727
993 741
993 762
994 728
994 741
994 742
994 763
995 729
995 743
995 764
996 730
996 742
996 765
997 731
997 743
997 744
997 766
998 732
998 744
998 745
998 767
999 733
999 746
999 768
1000 734
1000 744
1000 747
1000 769
1001 735
1001 745
1001 747
1001 770
1002 736
1002 746
1002 748
1002 771
1003 737
1003 748
1003 749
1003 772
1004 738
1004 749
1004 750
1004 773
1005 739
1005 751
1005 774
1006 747
1006 752
1006 775
1007 748
1007 753
1007 776
1008 749
1008 753
1008 754
1008 777
1009 750
1009 754
1009 778
1010 751
1010 755
1010 779
1011 754
1011 756
1011 780
1012 755
1012 757
1012 781
1013 757
1013 758
1013 782
1014 758
1014 759
1014 783
1015 760
1015 784
1016 740
1016 785
1017 741
1017 761
1017 786
1018 742
1018 761
1018 787
1019 743
1019 762
1019 788
1020 744
1020 762
1020 763
1020 789
1021 745
1021 763
1021 790
1022 746
1022 764
1022 791
1023 747
1023 763
1023 765
1023 792
1024 748
1024 764
1024 766
1024 793
1025 749
1025 766
1025 767
1025 794
1026 750
1026 767
1026 795
1027 751
1027 768
1027 796
1028 752
1028 765
1028 797
1029 753
1029 766
1029 769
1029 798
1030 754
1030 767
1030 769
1030 770
1030 799
1031 755
1031 768
1031 771
1031 800
1032 756
1032 770
1032 801
1033 757
1033 771
1033 772
1033 802
1034 758
1034 772
1034 773
1034 803
1035 759
1035 773
1035 804
1036 760
1036 774
1036 805
1037 769
1037 775
1037 806
1038 770
1038 775
1038 807
1039 771
1039 776
1039 808
1040 772
1040 776
1040 777
1040 809
1041 773
1041 777
1041 778
1041 810
1042 774
1042 779
1042 811
1043 777
1043 780
1043 812
1044 778
1044 780
1044 813
1045 779
1045 781
1045 814
1046 781
1046 782
1046 815
1047 782
1047 783
1047 816
1048 783
1048 817
1049 784
1049 818
1050 761
1050 785
1050 819
1051 762
1051 786
1051 820
1052 763
1052 786
1052 787
1052 821
1053 764
1053 788
1053 822
1054 765
1054 787
1054 823
1055 766
1055 788
1055 789
1055 824
1056 767
1056 789
1056 790
1056 825
1057 768
1057 791
1057 826
1058 769
1058 789
1058 792
1058 827
1059 770
1059 790
1059 792
1059 828
1060 771
1060 791
1060 793
1060 829
1061 772
1061 793
1061 794
1061 830
1062 773
1062 794
1062 795
1062 831
1063 774
1063 796
1063 832
1064 775
1064 792
1064 797
1064 833
1065 776
1065 793
1065 798
1065 834
1066 777
1066 794
1066 798
1066 799
1066 835
1067 778
1067 795
1067 799
1067 836
1068 779
1068 796
1068 800
1068 837
1069 780
1069 799
1069 801
1069 838
1070 781
1070 800
1070 802
1070 839
1071 782
1071 802
1071 803
1071 840
1072 783
1072 803
1072 804
1072 841
1073 784
1073 805
1073 842
1074 797
1074 843
1075 798
1075 806
1075 844
1076 799
1076 806
1076 807
1076 845
1077 800
1077 808
1077 846
1078 801
1078 807
1078 847
1079 802
1079 808
1079 809
1079 848
1080 803
1080 809
1080 810
1080 849
1081 804
1081 810
1081 850
1082 805
1082 811
1082 851
1083 809
1083 812
1083 852
1084 810
1084 812
1084 813
1084 853
1085 811
1085 814
1085 854
1086 813
1086 855
1087 814
1087 815
1087 856
1088 815
1088 816
1088 857
1089 816
1089 817
1089 858
1090 818
1090 859
1091 785
1091 860
1092 786
1092 819
1092 861
1093 787
1093 819
1093 862
1094 788
1094 820
1094 863
1095 789
1095 820
1095 821
1095 864
1096 790
1096 821
1096 865
1097 791
1097 822
1097 866
1098 792
1098 821
1098 823
1098 867
1099 793
1099 822
1099 824
1099 868
1100 794
1100 824
1100 825
1100 869
1101 795
1101 825
1101 870
1102 796
1102 826
1102 871
1103 797
1103 823
1103 872
1104 798
1104 824
1104 827
1104 873
1105 799
1105 825
1105 827
1105 828
1105 874
1106 800
1106 826
1106 829
1106 875
1107 801
1107 828
1107 876
1108 802
1108 829
1108 830
1108 877
1109 803
1109 830
1109 831
1109 878
1110 804
1110 831
1110 879
1111 805
1111 832
1111 880
1112 806
1112 827
1112 833
1112 881
1113 807
1113 828
1113 833
1113 882
1114 808
1114 829
1114 834
1114 883
1115 809
1115 830
1115 834
1115 835
1115 884
1116 810
1116 831
1116 835
1116 836
1116 885
1117 811
1117 832
1117 837
1117 886
1118 812
1118 835
1118 838
1118 887
1119 813
1119 836
1119 838
1119 888
1120 814
1120 837
1120 839
1120 889
1121 815
1121 839
1121 840
1121 890
1122 816
1122 840
1122 841
1122 891
1123 817
1123 841
1123 892
1124 818
1124 842
1124 893
1125 833
1125 843
1125 894
1126 834
1126 844
1126 895
1127 835
1127 844
1127 845
1127 896
1128 836
1128 845
1128 897
1129 837
1129 846
1129 898
1130 838
1130 845
1130 847
1130 899
1131 839
1131 846
1131 848
1131 900
1132 840
1132 848
1132 849
1132 901
1133 841
1133 849
1133 850
1133 902
1134 842
1134 851
1134 903
1135 847
1135 904
1136 848
1136 852
1136 905
1137 849
1137 852
1137 853
1137 906
1138 850
1138 853
1138 907
1139 851
1139 854
1139 908
1140 853
1140 855
1140 909
1141 854
1141 856
1141 910
1142 856
1142 857
1142 911
1143 857
1143 858
1143 912
1144 858
1144 913
1145 859
1145 914
1146 819
1146 860
1147 820
1147 861
1148 821
1148 861
1148 862
1149 822
1149 863
1150 823
1150 862
1151 824
1151 863
1151 864
1152 825
1152 864
1152 865
1153 826
1153 866
1154 827
1154 864
1154 867
1155 828
1155 865
1155 867
1156 829
1156 866
1156 868
1157 830
1157 868
1157 869
1158 831
1158 869
1158 870
1159 832
1159 871
1160 833
1160 867
1160 872
1161 834
1161 868
1161 873
1162 835
1162 869
1162 873
1162 874
1163 836
1163 870
1163 874
1164 837
1164 871
1164 875
1165 838
1165 874
1165 876
1166 839
1166 875
1166 877
1167 840
1167 877
1167 878
1168 841
1168 878
1168 879
1169 842
1169 880
1170 843
1170 872
1171 844
1171 873
1171 881
1172 845
1172 874
1172 881
1172 882
1173 846
1173 875
1173 883
1174 847
1174 876
1174 882
1175 848
1175 877
1175 883
1175 884
1176 849
1176 878
1176 884
1176 885
1177 850
1177 879
1177 885
1178 851
1178 880
1178 886
1179 852
1179 884
1179 887
1180 853
1180 885
1180 887
1180 888
1181 854
1181 886
1181 889
1182 855
1182 888
1183 856
1183 889
1183 890
1184 857
1184 890
1184 891
1185 858
1185 891
1185 892
1186 859
1186 893
1187 881
1187 894
1188 882
1188 894
1189 883
1189 895
1190 884
1190 895
1190 896
1191 885
1191 896
1191 897
1192 886
1192 898
1193 887
1193 896
1193 899
1194 888
1194 897
1194 899
1195 889
1195 898
1195 900
1196 890
1196 900
1196 901
1197 891
1197 901
1197 902
1198 892
1198 902
1199 893
1199 903
1200 899
1200 904
1201 900
1201 905
1202 901
1202 905
1202 906
1203 902
1203 906
1203 907
1204 903
1204 908
1205 906
1205 909
1206 907
1206 909
1207 908
1207 910
1208 910
1208 911
1209 911
1209 912
1210 912
1210 913
1211 914
