# element [column and row given by index]
0.000000000000000000e+00
8.164214925144355206e-01
1.922727434253241885e-01
9.150782052326584814e-01
-9.196520671865071606e-02
2.909294561435471493e-01
1.776974625254190920e+00
-5.150962030042836037e-01
6.691505999572244789e-03
1.152825876165079588e+00
4.744564315633972296e-01
1.939910465221175828e+00
-1.032248431291711510e+00
-4.164394902860606429e-01
8.685879260211046837e-01
1.902184814194223250e-01
1.315761716132064496e+00
1.336352851584929669e+00
2.914434669780761489e+00
-1.552674269690231812e+00
-9.335917185734885493e-01
4.454569297354717961e-01
-2.329125148662105627e-01
1.031523765988089592e+00
1.052114901440954764e+00
2.290285920691649935e+00
-6.552151966196073651e-02
1.499288691551914576e+00
1.757032265005630700e+00
2.682923483194722181e+00
-2.041152990526056143e+00
-1.454017556972008851e+00
-7.169529855195611034e-02
-7.500647431536384691e-01
6.083927697024567038e-01
6.289839051553218763e-01
2.006047970547674808e+00
-4.886525159475936242e-01
1.215050741407939672e+00
1.472794314861655796e+00
2.058774734105610627e+00
7.963749003595717024e-01
2.473812896111500237e+00
1.919968104972615608e+00
1.983577816956630713e+00
-1.667278679417470100e+00
-1.942496277807833405e+00
-5.921211369504764122e-01
-1.270490581552158771e+00
9.124054141502879745e-02
1.118316768678939699e-01
1.582916974262041920e+00
-1.005804744235021531e+00
7.919197451223067841e-01
1.049663318576022908e+00
1.774536783961635722e+00
3.732439040739388147e-01
2.189574945967525110e+00
1.635730154828640703e+00
1.359429067867519381e+00
-1.229776213444225386e+00
9.593107403265566102e-01
1.217054313780272734e+00
2.242301709525460929e+00
2.894492309532201268e+00
2.027590507397094122e+00
2.350643850181567629e+00
-1.449139443163044660e+00
-1.568621966699247361e+00
-1.080599857786300966e+00
-1.758969302387983324e+00
-4.291852969834915044e-01
-4.085941615306263319e-01
1.065764745974614014e+00
-1.526230582633541832e+00
2.747675168348788777e-01
5.325110902885950015e-01
1.351405787676002834e+00
-1.439083242134890916e-01
1.766443949681892223e+00
1.212599158543007816e+00
1.075191117723544476e+00
-1.746928441731653292e+00
5.361797440409237225e-01
7.939233174946398464e-01
1.958063759381486024e+00
2.610254359388226142e+00
1.743352557253119217e+00
1.726495101092456297e+00
-3.678797934226929467e-01
1.933834944886142271e+00
1.379990153747257642e+00
1.542956043287369461e+00
2.318691163259896104e-01
2.662981122946161960e+00
3.002114711956679560e+00
2.549375494134815678e+00
-9.203343887428161452e-01
-1.350482730444821922e+00
-7.067255466777149220e-01
-1.385094991279397281e+00
-9.176640178193160580e-01
-8.970728823664508855e-01
5.453389075760937121e-01
-2.014709303469366386e+00
-2.456583215636414241e-01
1.208525189007469969e-02
8.342535593885749279e-01
-6.643341626120093935e-01
1.249291721394464316e+00
6.954469302555799093e-01
6.520601214379115884e-01
-2.267354280130173372e+00
1.902751575349581614e-02
2.767710892072119400e-01
1.534932763095853137e+00
2.187123363102593032e+00
1.320221560967486329e+00
1.442257150948481392e+00
-8.850320217101208531e-01
1.510703948600509383e+00
9.568591574616247541e-01
1.258718093143394556e+00
-1.912618799596432773e-01
2.378743172802186834e+00
2.717876761812704878e+00
1.925226745045704346e+00
-2.158423196341410222e+00
-2.049439534557080389e-01
5.279961999800808492e-02
1.702323758300102963e+00
2.354514358306843302e+00
1.487612556171736156e+00
1.910022076512306377e+00
3.948049562929745182e-01
1.963635456708070492e+00
2.770603525370640252e+00
2.269131225373002270e+00
2.878040559550318900e+00
-1.022984755305456073e-01
-8.216776760245934064e-01
-4.885863104232894827e-01
-1.166955755024971841e+00
-5.437897067107300142e-01
-5.231985712578648418e-01
5.686018674026915853e-02
-1.640834992360780342e+00
-7.341370423994659777e-01
-4.763934689457498539e-01
3.138277209900546261e-01
-1.152812883447833947e+00
7.288658829959440144e-01
1.750210918570596075e-01
1.349078931504836820e-01
-2.755833000965997925e+00
-5.013983226450244857e-01
-2.436547491913083618e-01
1.017780534808425230e+00
1.669971134815165126e+00
8.030693326800584231e-01
1.019126154662848505e+00
-1.405457860108641155e+00
9.935517203130814767e-01
4.397069291741968478e-01
8.355870968577616686e-01
-7.084141082470711837e-01
1.955612176516553946e+00
2.294745765527071768e+00
1.640988794901729442e+00
-2.678849034739930524e+00
-7.220961817431359453e-01
-4.643526082894198215e-01
1.279192762014470075e+00
1.931383362021210415e+00
1.064481559886103268e+00
1.625784126368331473e+00
-2.832603999265836947e-02
1.679397506564095588e+00
2.486365575226665570e+00
1.984893275229027365e+00
2.253891810461207790e+00
-1.296526776319877783e+00
7.695802511038776217e-01
2.157354599649929927e-01
1.002978092062011495e+00
-9.323855774562750387e-01
2.123003171720803994e+00
2.462136760731321594e+00
2.108753720465554427e+00
1.369329160852560179e+00
5.024273587174530320e-01
2.330701489933007409e+00
2.071257859132548784e+00
2.037620038786962962e+00
3.448020376875450044e+00
-3.310603057720051812e-01
-3.641762812322868470e-03
4.021874399693903257e-02
-6.381507006047433261e-01
-3.256504704563045749e-01
-3.050593350034394025e-01
4.307344978488552023e-01
-1.422695756106354903e+00
-3.602627312908799340e-01
-1.025191578371638101e-01
-1.746509998457699275e-01
-7.789385723392479033e-01
2.403871621601194608e-01
-3.134576289787649461e-01
-3.855179452480366198e-01
-2.381958689857412104e+00
-9.898770434808490393e-01
-7.321334700271329154e-01
4.973546964099049283e-01
1.149545296416644824e+00
2.826434942815381213e-01
5.019739263754205982e-01
-1.893936580944465708e+00
4.731258819145611749e-01
-8.071890922432345405e-02
3.184348685703337622e-01
-1.228839946645591485e+00
1.438459948229126040e+00
1.777593537239643862e+00
1.217857798616096554e+00
-3.167327755575755077e+00
-1.242522020141656247e+00
-9.847784466879401233e-01
7.620405337270421686e-01
1.414231133733782508e+00
5.473293315986753615e-01
1.202653130082698585e+00
-5.454782682800862759e-01
1.256266510278462700e+00
2.063234578941032460e+00
1.561762278943394477e+00
1.969653860317232885e+00
-1.816952614718398085e+00
2.524280228164497153e-01
-3.014167683224349137e-01
5.798470957763786071e-01
-1.449537805743702945e+00
1.699872175435171107e+00
2.039005764445688484e+00
1.824515770321579522e+00
9.461981645669272911e-01
7.929636243182014432e-02
2.046463539789032282e+00
1.787019908988573880e+00
1.753382088642988057e+00
2.823871627786338934e+00
-2.593181823917878770e+00
-1.133590936352892875e+00
-8.758473628991767512e-01
5.380690645178383136e-01
1.190259664524578653e+00
3.233578623894715065e-01
1.370044125286948411e+00
-7.694497374892901309e-01
1.423657505482712526e+00
2.230625574145282286e+00
1.729153274147644304e+00
2.437418785881057648e+00
-6.053895503880051265e-01
1.137817974266520871e+00
1.476951563277038471e+00
2.529433133886255458e+00
5.612641818262102955e-01
2.438323892357485700e+00
1.338274372548871494e+00
1.193208847460101918e+00
2.982866608107947570e+00
