# element [column and row given by index]
0.000000000000000000e+00
-3.421947142116454899e-01
-5.028190946022006447e-01
-9.434984823306578061e-01
-1.167758136730079332e+00
-1.104122862721212961e+00
-1.073429647515815821e+00
-1.727045018541603083e+00
-1.769061904849091649e+00
-1.234054027906370976e+00
-1.785960885980021784e+00
-1.588983664702768195e+00
-2.339488663829472959e+00
-2.328348786660615399e+00
-1.898993070034249664e+00
-2.450899928107900472e+00
-1.749608045093323350e+00
-1.915892051165179799e+00
-2.058053508982389701e+00
-3.197534408099238057e+00
-2.940792431948485053e+00
-2.458279951845773414e+00
-3.010186809919424000e+00
-2.414547087221202037e+00
-2.580831093293058487e+00
-2.218677889372944634e+00
-2.910843601592403296e+00
-2.431446068352132173e+00
-1.016964956806930775e+00
-1.239047600436998575e+00
-3.457829374767468877e+00
-3.798838176218250151e+00
-3.070723597133643068e+00
-3.622630455207294098e+00
-2.973833969032726010e+00
-3.140117975104582015e+00
-2.883616931500823100e+00
-3.470130483403926824e+00
-3.096385110480010638e+00
-1.681903998934809463e+00
-1.399671980827553730e+00
-3.040774766777561311e+00
-2.900515912631753679e+00
-1.532518973993883149e+00
-8.589512821505309592e-01
-4.154295693945539547e+00
-4.059133142886480528e+00
-3.928769341403408166e+00
-4.480676199477059640e+00
-3.586277614320596108e+00
-3.752561620392452113e+00
-3.442903813312346628e+00
-4.082574128691796922e+00
-3.655671992291534167e+00
-2.241190880746333214e+00
-2.064611022955432418e+00
-3.600061648589084840e+00
-3.565454954759632145e+00
-2.197458016121761837e+00
-1.019575662541086114e+00
-2.517668353934537251e+00
-3.556328783964513907e+00
-2.141847672419312509e+00
-2.081510004086362553e+00
-2.001588818273504877e+00
-1.341336785284033439e+00
-5.652992078905321183e-01
-4.481643175540017232e+00
-4.755599462064551197e+00
-4.189064308071639431e+00
-4.740971166145290461e+00
-4.444323358590361650e+00
-4.610607364662216767e+00
-4.055347458600216726e+00
-4.940619872961562464e+00
-4.268115637579404265e+00
-2.853634526034203311e+00
-2.623897904766955946e+00
-4.212505293876954937e+00
-4.124741836571155673e+00
-2.756744897933285365e+00
-1.684514704668964802e+00
-3.130111999222407348e+00
-4.115615665776037879e+00
-2.701134554230836038e+00
-2.746449046214241463e+00
-2.666527860401383343e+00
-2.006275827411911905e+00
-7.259235882810872731e-01
-2.647599519119695266e+00
-4.025398628244134969e+00
-2.657401689606264661e+00
-1.701413685799894937e+00
-1.642191034187263199e+00
-1.182582909728113529e+00
-1.810406629563654946e+00
-1.451301321193714466e+00
-4.215015592890850371e+00
-5.082946943659028882e+00
-4.885530627249710101e+00
-5.437437485323361130e+00
-4.704618325258592471e+00
-4.870902331330447588e+00
-4.913393202869981380e+00
-5.200914839629793285e+00
-5.126161381849168919e+00
-3.711680270303968410e+00
-3.236341550054826044e+00
-5.070551038146719591e+00
-4.737185481859025771e+00
-3.369188543221155463e+00
-2.243801586480488552e+00
-3.988157743492172447e+00
-4.728059311063907977e+00
-3.313578199518706136e+00
-3.305735928025764991e+00
-3.225814742212906872e+00
-2.565562709223435434e+00
-1.390862630408965961e+00
-3.260043164407565364e+00
-4.584685510055658497e+00
-3.216688571417788189e+00
-2.366352727927773625e+00
-2.201477915998786727e+00
-1.847521951855992217e+00
-2.475345671691533411e+00
-1.611925701584269621e+00
-2.900572850464847363e+00
-3.163153536306647862e+00
-1.748672424761446464e+00
-3.206392719698744287e+00
-3.126471533885886611e+00
-2.466219500896415173e+00
-1.407761611539896096e+00
-2.157745051374215350e+00
-8.024865914416459134e-01
-9.914007210182638197e-01
-1.851244816271605531e+00
-1.953054795411181654e+00
-4.500645255885991070e+00
-4.816319361009862021e+00
-5.212878108844187786e+00
-5.764784966917838815e+00
-5.401084644436663140e+00
-5.567368650508518257e+00
-5.173688169538212200e+00
-5.897381158807863955e+00
-5.386456348517399739e+00
-3.971975236972199230e+00
-4.094387294324590698e+00
-5.330846004814950412e+00
-5.595231226128790425e+00
-4.227234287490921005e+00
-2.856245231768358650e+00
-4.248452710160403711e+00
-5.586105055333673519e+00
-4.171623943788471678e+00
-3.918179573313635089e+00
-3.838258387500776969e+00
-3.178006354511305531e+00
-1.950149512220489711e+00
-4.118088908677330906e+00
-5.197129155343528595e+00
-3.829132216705658287e+00
-2.925639609739297597e+00
-2.813921561286656825e+00
-2.406808833667516190e+00
-3.034632553503056940e+00
-2.276864743712148531e+00
-3.758618594734612461e+00
-3.775597181594517515e+00
-2.361116070049316562e+00
-3.765679601510267815e+00
-3.685758415697410584e+00
-3.025506382707939146e+00
-2.072700653667774784e+00
-2.717031933185738879e+00
-1.467425633569524601e+00
-1.656339763146142507e+00
-2.516183858399484219e+00
-2.113679175801737031e+00
-3.030504015650005378e+00
-3.632223380586268924e+00
-2.264226441948398616e+00
-2.826296401412276893e+00
-1.249015786529397154e+00
-2.307465625340495485e+00
-2.935289345176036679e+00
-2.293763724843078222e+00
-2.626814895653837301e+00
-1.966562862664365863e+00
-5.088345171816470724e-01
-6.113044027317962037e-01
-1.032238907726214405e+00
-1.012285353866956505e+00
-3.728748313586597529e+00
-5.101949024005002720e+00
-4.946250526195020925e+00
-5.498157384268672843e+00
-5.728432126031140825e+00
-5.894716132102995942e+00
-5.870154488716282870e+00
-6.224728640402341640e+00
-6.082922667695470409e+00
-4.668441556150270344e+00
-4.354682260992821519e+00
-6.027312323993021081e+00
-5.855526192797021245e+00
-4.487529254159151826e+00
-3.714290976038123748e+00
-4.944919029338474381e+00
-5.846400022001904340e+00
-4.431918910456702498e+00
-4.776225317583399743e+00
-4.696304131770542512e+00
-4.036052098781070185e+00
-2.562593157508359809e+00
-4.378383875345561727e+00
-6.055174899613293249e+00
-4.687177960975423829e+00
-3.538083255027167695e+00
-3.671967305556421923e+00
-3.019252478955386287e+00
-3.647076198790927037e+00
-2.836151625523672060e+00
-4.018913561402843726e+00
-4.633642925864283058e+00
-3.219161814319081660e+00
-4.378123246798137913e+00
-4.298202060985280681e+00
-3.637950027995809243e+00
-2.631987535479298757e+00
-3.329475578473608977e+00
-2.026712515381048352e+00
-2.215626644957666258e+00
-3.075470740211008192e+00
-2.778618217929615497e+00
-3.888549759919770477e+00
-4.244667025874139021e+00
-2.876670087236268714e+00
-3.385583283223800422e+00
-1.861459431817267030e+00
-2.866752507152019014e+00
-3.494576226987560652e+00
-2.958702766970956688e+00
-3.186101777465361273e+00
-2.525849744475889835e+00
-1.173773559309525760e+00
-1.276243444859674891e+00
-1.697177949854093093e+00
-1.172909734257511660e+00
-2.789045031999870972e+00
-3.546058032836957974e+00
-2.131576921291756577e+00
-2.813217472040878242e+00
-2.733296286228020566e+00
-2.073044253238549128e+00
-2.532644327152278052e+00
-1.764569803716349305e+00
-1.927369307054027647e+00
-2.116283436630645554e+00
-2.976127531883987487e+00
-2.795517199060545632e+00
-5.850390162116958503e-01
-1.807808987108445953e+00
-2.435632706943987369e+00
-1.394836630484829421e+00
-2.888636252710117702e+00
-3.176523284717973628e-01
-6.521425894397467893e-01
-5.790208513843086990e-01
-1.310893292332769411e+00
