# element [column and row given by index]
0.000000000000000000e+00
1.971055201559728243e-01
2.347308922393835928e-01
-7.802882567522928525e-02
6.860280992362852714e-01
-4.040345359181851670e-02
-7.918840312233941248e-01
2.667213419580138911e-01
4.108937534050831619e-01
-7.542586591399833562e-01
-2.348327362062132551e-01
-5.407787822535978783e-01
9.143702997027909340e-01
-8.413003873188218407e-03
-3.029614521430816776e-01
2.164644707906884236e-01
-5.031534101701871098e-01
-9.486879417543780946e-01
-1.418454730404612452e-01
1.379849717409074472e+00
6.392359538715888245e-01
-7.222682094213530579e-01
-2.028422864875829568e-01
-5.185620317328543116e-02
-4.973907347574764160e-01
-1.042201009570504766e-01
3.455743118762972799e-01
-6.975826927845818481e-01
-9.628173579711747365e-01
-7.135774964118397623e-01
1.280381492791250908e+00
1.104715371577872363e+00
-7.461925167657601499e-02
4.448066712571940862e-01
-4.711629604515568115e-01
-9.166974920357477963e-01
3.470771060398512020e-01
-7.373244540197410046e-02
-2.462854857876801695e-01
-5.115201509742730579e-01
-6.759521243284289937e-01
-3.682808936718675596e-01
-2.986493835714452150e-01
-7.117121090013784901e-01
-7.340960545976675800e-01
2.211763329079492912e+00
1.005247146960048799e+00
3.908601660297075231e-01
9.102860889634776242e-01
1.764859972932202314e-01
-2.690485342909707533e-01
-7.222965123842017832e-02
5.739165123428029425e-01
-6.655922430659515499e-01
-9.308269082525444382e-01
-2.246549173315273151e-01
-7.875876509501389400e-01
1.526478234254564637e-01
-2.604149020044768115e-01
-6.964706825142568114e-01
-2.640942140871094246e-01
-1.171756447020713132e-01
-3.824103098886642016e-01
-8.703814069428237321e-01
-3.127787997882418569e-01
1.004759042610592346e-01
1.023020140940660294e-01
2.275801752354208674e+00
1.936628983248291025e+00
2.913919414118839590e-01
8.108178643456540602e-01
6.419654149995037695e-01
1.964308834153127847e-01
5.754193065063568646e-01
1.039395930049086481e+00
-1.794328532117450692e-02
-2.831779505077673953e-01
-6.439616746097986955e-01
-1.399386932053618970e-01
-2.666589338528149167e-01
-6.797216592827481918e-01
-2.451734755173551328e-01
3.835547436576676184e-01
-5.364824019803426935e-01
-8.017170671669355819e-01
-4.190841999459220535e-01
1.385184072086598217e-01
5.517731112579609132e-01
1.399273861774767980e-01
-9.779494196352742641e-01
2.817576645110653200e-01
-1.313050609188679552e-01
-8.908999651286515498e-01
-9.157239007036701572e-01
-8.845108231596203741e-01
4.994092134741958677e-01
-8.986955562350629201e-02
1.996085314805079225e+00
2.000667406523006342e+00
1.222773777700126185e+00
1.742199700633896287e+00
5.424971903816802055e-01
9.696265879748922067e-02
1.040898724212640403e+00
9.399277054312629165e-01
4.475361323851090312e-01
1.823014671985161428e-01
3.687283134978347476e-03
3.255407245009216410e-01
3.809900238919621263e-01
-3.207270153797114887e-02
-6.644802327956265131e-01
8.490341613639511564e-01
1.111665557644343494e-01
-1.540681094221585390e-01
-8.383909572241934338e-01
-2.807883500696115586e-01
1.324663539796895328e-01
5.912245931743784766e-01
-3.303004618904972212e-01
-1.375490927672060604e-01
-5.506118181971393355e-01
-4.396027581317498711e-01
-1.335030657981941538e+00
-4.332136161627186954e-01
9.507064204710975464e-01
-5.224418354009552345e-02
-3.483278372587488292e-01
-7.268441706654780177e-01
-9.920788358520709060e-01
-2.899743588603131972e-01
2.676282482942686780e-01
6.808829523435697695e-01
-5.450189643691794039e-02
-6.646186517338739108e-01
-9.050293813454481917e-01
-7.232280989718264941e-02
7.121016519576088832e-01
-1.695213329026696858e-01
2.080351940130529265e+00
1.720950968973876893e+00
1.286812200974841724e+00
1.806238123908611826e+00
1.473879026669922432e+00
1.028344495085731447e+00
9.414304995948168386e-01
1.871309541719505143e+00
3.480679077672854671e-01
8.283324258069257873e-02
4.691667008412618856e-01
2.260724998830980770e-01
8.464694415982456643e-01
4.334067161683123892e-01
-1.683127505084947018e-02
7.495659367461275924e-01
5.766459734707178875e-01
3.114113082841249991e-01
-1.907419994794163909e-01
3.668606076751654843e-01
7.801153117244665758e-01
1.719178358961070963e-01
1.351789558157863169e-01
5.100998649775709826e-01
9.703713954763770744e-02
-8.589095154100212515e-01
-6.873817002371644946e-01
-8.525203734409900758e-01
5.313996631928261660e-01
3.990530234568061552e-01
1.171515804475347089e-01
-7.919521292070097473e-02
-3.444298781072938631e-01
-7.092811161385845775e-01
-1.516785089840027023e-01
2.615761950652983892e-01
3.967953105599837382e-01
-1.083925409012145291e+00
-4.537321743485465131e-01
3.789743970997190292e-01
1.163398858954510562e+00
-1.318959608192589172e-01
-1.062183042806913669e+00
-3.279108614523413845e-01
-7.409735868822746596e-01
-3.104929170461410148e-01
-1.525392426667076862e+00
-3.041037750771098391e-01
1.079816261556706403e+00
-2.466734661544902618e-01
-2.656853425207372776e-01
1.475693615285638138e-01
-6.863131265371458234e-02
-9.284136808301046706e-02
1.403696285862303661e-01
3.555000728062169824e-01
1.360041237320932073e+00
1.805217594299327155e+00
1.007095763425712276e+00
1.526521686359482377e+00
1.537917449944637971e+00
1.092382918360446986e+00
1.872812335883059065e+00
1.935347964994220682e+00
1.279449744055527693e+00
1.014215078868934805e+00
3.696984762234383215e-01
1.157454336171340303e+00
7.470012169804221003e-01
3.339384915504888252e-01
4.486481426554340679e-01
1.680947773034369819e+00
4.771777488528943234e-01
2.119430836663014350e-01
2.747374182268671472e-01
8.323400253814490224e-01
1.245594729430750114e+00
8.195667936408841392e-01
3.571073119796275286e-02
9.755792826838545206e-01
5.625165572539212455e-01
-2.112605576652442085e-01
-2.219022825308809566e-01
-2.048714156962130328e-01
1.179048620937603209e+00
-2.025373382146522516e-02
1.768335582971114484e-02
3.862842047855825633e-01
1.210495395989896750e-01
-6.163215839380753458e-02
4.959704487607743406e-01
9.092251528100754321e-01
-2.251144671828764210e-02
-4.362764512673682482e-01
-8.730389316268178934e-01
-4.033236017855235112e-02
7.440921016762391815e-01
3.194012461776427614e-01
-5.967036251006301306e-01
3.197380962924356584e-01
-9.332462913749761668e-02
-7.297996743244123952e-01
-8.777434689222998188e-01
-7.234105323553812195e-01
6.605095042784350223e-01
2.046237408424114168e-01
-6.849920997990086580e-01
-2.717373957497075665e-01
3.826658943431870963e-01
3.584558389138912116e-01
5.916668355831320447e-01
3.931254448896277509e-01
-4.535449708286229953e-01
-8.110777938371174223e-01
-1.076312459023710311e+00
-8.996428848237199016e-01
-3.420402776691380264e-01
7.121442638016306503e-02
5.259051516455925945e-01
-1.274287177697280615e+00
-3.246223332629376568e-01
5.080842381853278855e-01
1.292508700040119418e+00
-3.263252434336536556e-01
-1.731785452104693146e+00
-8.374173658921157948e-01
5.465026707417004470e-01
-2.608028823712869038e-01
-6.673988418005649681e-01
7.435567006087231423e-01
1.198510704004025484e-01
-6.856007231160039517e-01
6.521453676665514010e-01
