# element [column and row given by index]
0.000000000000000000e+00
7.274723707139085782e-02
6.323553968598598640e-01
-5.304907491839589984e-01
8.704241667893670709e-01
2.911741060451000784e-02
9.527518696174341883e-02
1.661442132997704935e+00
2.671861805340172147e-01
6.548833467502124250e-01
9.373457407050431733e-01
-8.680856250052118028e-01
1.283622757394128344e+00
1.058204146742355078e+00
8.929521166797196319e-01
1.175414510634550380e+00
-3.084774652167427966e-01
1.563111676850745591e+00
-1.631455277778354862e+00
1.445717122958305900e+00
6.803847711387784880e-01
1.683970082888057496e+00
1.966432476842888244e+00
-7.040869528723558979e-02
1.801180446780252797e+00
-1.071847117989885856e+00
1.820081908595988285e+00
5.997508648837903689e-01
2.333740576756096807e+00
-1.272276081114489310e+00
7.653003375592906110e-01
8.424791367029560440e-01
1.306150707284480905e+00
1.588613101239311654e+00
7.206092709211022740e-01
2.592198412988590661e+00
-8.337783480603786490e-01
2.611099874804326149e+00
8.378196348132975757e-01
2.571809346685603792e+00
-7.126679213260203039e-01
2.445847844741690480e+00
-1.636187878893526904e-01
1.370379764789141586e+00
-4.487572417063718788e-01
2.115519133107972571e-01
1.620623513039407548e-01
1.468245072848658461e+00
1.750707466803489210e+00
3.427898953175256835e-01
2.214379037385014293e+00
-4.276038185204078523e-02
2.233280499200749780e+00
1.628837601021635439e+00
3.362827312893941656e+00
-4.745991513965130970e-01
3.236865810950028344e+00
7.444998204015451648e-02
1.608448534718648792e+00
1.108509180820971274e-01
3.174758276494576315e+00
1.482487032774735480e+00
3.216476744647041919e+00
1.955604087745128616e-01
6.070101120159985264e-01
1.033296619374183933e+00
-1.466798552450021553e-02
-2.186700376202321827e-01
-3.916860729445525990e-01
7.878282874496431720e-01
1.070290681404473920e+00
5.048842608817032396e-01
2.376473402949192071e+00
-4.205797574556173757e-01
2.395374864764927558e+00
1.251018225418058849e+00
2.985007937290364843e+00
3.164188148118247668e-01
2.859046435346451531e+00
8.654679482484923803e-01
2.399466500926986434e+00
3.489196880116043342e-01
2.796938900890999946e+00
2.273504998983073122e+00
4.007494710855379338e+00
4.336291787040200685e-01
8.450788819455057332e-01
1.271365389303691140e+00
5.449401742639687907e-01
3.800524212640278954e+00
7.191173800015924211e-01
2.253115932680086697e+00
1.019079248182630293e+00
3.080432143490521746e+00
9.661893086798640784e-01
2.699269666010408741e-01
-9.813461405545702565e-01
-2.289003402314819802e-01
-8.219080238755820389e-01
2.340798632011498182e-01
5.165422571559805665e-01
-1.755325245173120496e-01
1.696056617550176782e+00
-2.584853918914398196e-01
1.714958079365912269e+00
1.413112590982236405e+00
3.147102302854542621e+00
-6.140056079175182369e-02
3.021140800910629309e+00
4.876485726449157898e-01
2.021647125323410066e+00
1.139937654219942198e+00
2.959033266455177724e+00
1.895685623379496532e+00
3.629675335251802970e+00
1.224647144912357932e+00
1.636096848153843597e+00
2.062383355512029226e+00
7.830089441934759975e-01
3.422704837036702585e+00
1.510135346209930285e+00
3.044133898888424561e+00
1.257148018112137500e+00
3.871450109698859610e+00
1.204258078609371285e+00
5.079957365305480810e-01
-4.217379807661012503e-01
2.156163890721249032e+00
2.837163400673323732e+00
4.571153112545630393e+00
1.078296576665457973e+00
1.489746279906943638e+00
1.916032787265129045e+00
1.453168504364501956e+00
2.117071331523566524e+00
1.789708148087981510e+00
6.291061632649064261e-01
8.423542941072126311e-01
-9.346905499825863828e-02
-3.285787417006522659e-01
-8.321383264868318363e-01
-1.961420877298796217e-01
8.632030622495112659e-02
-7.292809487658054035e-01
1.142308193301683428e+00
-9.389021772904551089e-01
1.161209655117418915e+00
7.326958055832211159e-01
2.466685517455527332e+00
1.006938047724257324e-01
2.340724015511614020e+00
6.497429382090933458e-01
2.183741490887587844e+00
7.621182786163656075e-01
2.278616481056162435e+00
2.057779988943674088e+00
3.791769700815980748e+00
8.468277693087813418e-01
1.258277472550267007e+00
1.684563979908452636e+00
1.574026910401813861e+00
3.584799202600880363e+00
1.132315970606353694e+00
2.666314523284848192e+00
2.048165984320475363e+00
3.493630734095282797e+00
1.995276044817709149e+00
1.299013702738885945e+00
-1.836692108365940435e-01
2.318258256285426810e+00
2.459344025069746920e+00
4.193333736942054024e+00
1.869314542873795837e+00
2.280764246115281502e+00
2.707050753473466909e+00
1.691237274294009163e+00
2.908089297731904388e+00
2.027776918017488939e+00
8.671749331944136330e-01
1.080423064036719838e+00
4.661391047902103679e-01
2.781929826866951672e+00
2.073793747900180673e+00
3.607792300578674727e+00
1.901815416073575404e+00
4.435108511389110220e+00
1.848925476570809190e+00
1.152663134491985986e+00
4.864903493344319152e-01
1.353701678750423465e+00
1.779988186108608872e+00
2.223797404269853395e+00
1.452625002673023857e+00
1.201533490771078183e+00
1.637750117383940385e-02
-2.466845158206496524e-01
-9.318167279560021221e-01
-2.063723903411294192e-01
7.609000361370132914e-02
-1.159502899696834843e+00
7.120862423706539879e-01
-1.492650601538948463e+00
7.309877041863894753e-01
1.789473813347277620e-01
1.912937093207033978e+00
-5.797229806265895569e-01
1.786975591263120666e+00
-3.067384718992194337e-02
1.503324705488572555e+00
9.242126441805431636e-01
1.724868056807669081e+00
1.377363203544658798e+00
3.111352915416965459e+00
1.008922134872958898e+00
1.420371838114444563e+00
1.846658345472630192e+00
1.196207534798237271e+00
2.904382417201865074e+00
1.294410336170531250e+00
2.828408888849025971e+00
1.670346608716898773e+00
3.655725099659460575e+00
1.617456669214132559e+00
9.211943271353093543e-01
6.073487553717438203e-01
1.637841470886411521e+00
2.621438390633924698e+00
4.355428102506231802e+00
1.491495167270219246e+00
1.902944870511704911e+00
2.329231377869890096e+00
2.482255240502347249e+00
2.530269922128328020e+00
2.818794884225826802e+00
1.658192899402751497e+00
1.871441030245057702e+00
7.042078747197175748e-01
2.944024192431129450e+00
1.695974372296604082e+00
3.229972924975098358e+00
2.692833382281913046e+00
4.057289135785533851e+00
2.639943442779147276e+00
1.943681100700323849e+00
7.245591192639391220e-01
2.144719644958761329e+00
2.571006152316946736e+00
2.461866174199360380e+00
1.690693772602531064e+00
1.439602260700585390e+00
5.759856609623084100e-01
2.588465609947816493e+00
1.818569014899996450e+00
3.552558726772303110e+00
2.432972944564046003e+00
2.844422647805531668e+00
3.270709155163717519e+00
2.335904672255447068e+00
3.471747699422154554e+00
2.672444315978926621e+00
1.511842331155851538e+00
1.725090461998157743e+00
1.374367434890743533e+00
3.487989526743962898e+00
1.712880875414289017e+00
1.016618533335465813e+00
1.257119249239783132e+00
2.381603230891149448e+00
1.886714258854895521e+00
2.025052330179195614e+00
3.529220077201984385e-01
1.987045775224760558e-01
