# element [column and row given by index]
0.000000000000000000e+00
-1.308117345891546268e-01
7.070660465571692033e-01
-8.275945182218609197e-01
1.238111357629871456e+00
1.028326292446291035e-02
-1.255970443100844713e+00
5.522025279407853926e-01
5.413285739971651633e-01
-4.180926619545208833e-01
-7.728719811504425330e-02
-1.243379454010060448e+00
-3.303164764829342737e-01
-1.445802556919209003e-01
1.129526491181813697e-01
4.537581129576579997e-01
-4.055016728637366175e-01
-5.056631229940280470e-01
-3.638095344744833870e-01
-4.764745886415404641e-01
-1.027099260115640567e+00
-5.729561805709046940e-01
-2.321507167314280640e-01
1.255436382089656355e-01
2.538218807867420601e-02
4.740682466718404431e-01
1.177099945543819803e+00
-4.930721339032437811e-01
-6.474581943111057392e-01
-2.839142285808340382e-01
4.539042846226042371e-01
-1.173257372274246757e+00
-1.455475184994624360e+00
-1.114669721155147730e+00
-5.603651914801204281e-01
-6.605266416104118576e-01
1.005113557744542696e+00
4.911911158547337397e-01
3.797317716945847188e-02
-1.164128832384034862e-01
5.539635525654897918e-01
7.487240206648360097e-01
3.864977856323332794e-01
-6.348672052203214733e-01
3.458071087144793943e-01
-6.291825678633866659e-02
-2.428784990101020558e-01
-1.601633297153230551e+00
-1.260827833313753921e+00
-1.442884195903840094e+00
-1.543045646034131524e+00
3.192047280554566324e-01
-3.913278885689859266e-01
-6.479356525196275918e-01
-8.023217129274895498e-01
1.085008863638192045e+00
6.281519097574994603e-02
9.175430967050355324e-01
-1.038218941476192203e-01
1.183684889860803224e+00
1.470441100005768664e+00
7.613150097556202756e-01
6.069289493477583175e-01
4.663930915259826282e-01
2.447027143152555873e-01
-5.117549106259191571e-01
8.735593342603533706e-01
-4.305258134802900649e-01
-7.597010404190449595e-01
-6.712544238890858495e-01
-3.304489600496092194e-01
-1.589042308062446285e+00
-1.689203758192737714e+00
-5.633142763682630338e-01
-5.374860007275921170e-01
-1.530454656943347258e+00
-1.684840717351209216e+00
3.991000339491059812e-01
-8.197038134479697202e-01
2.316342670159494688e-01
-7.897307238367052840e-01
1.714730200933505477e+00
5.879220955820489980e-01
7.540618006653421190e-02
-7.897988034132774615e-02
9.974384025986848812e-01
7.757480253879578402e-01
1.929040044678309584e-02
1.711437115406677201e+00
1.042065175126784871e+00
1.640884929291197336e+00
6.195199384385425834e-01
1.096114428821296061e+00
-2.117261841308959447e-01
3.245980202089049360e-01
3.678150089096579034e-01
6.730571251656158882e-01
-2.227981330924904135e-01
-1.127308597112996358e+00
-1.188076965298028753e+00
-8.472715014585521232e-01
-6.586634347983015836e-01
-7.588248849285930131e-01
-7.094723885268692243e-01
3.928928725365525843e-01
-1.676612769101953448e+00
-1.830998829509815407e+00
-4.834189704746136851e-01
-9.658619256065759107e-01
-6.508847374077701975e-01
-1.672249728260424950e+00
1.028821371244419414e+00
4.417639834234428076e-01
-8.071128243571854544e-01
-9.614988847650474124e-01
3.115295729095988175e-01
8.983919569887177659e-02
-6.666184292423029678e-01
2.242482426479379676e+00
1.595461707030652043e-01
9.549760996021112724e-01
-6.638889125054348028e-02
1.627159739893998314e+00
-8.976350138199820083e-01
8.556433312816071890e-01
8.988603199823601564e-01
1.510934906311939718e+00
5.132130413785074285e-01
1.054656164217569136e+00
9.002701038097071784e-01
1.720780235184846685e+00
1.499089857974119644e+00
7.426322330329448995e-01
1.623866654367170037e+00
-1.991351950401116788e-01
9.543193575042183685e-01
4.477103148033072522e-01
-6.067007012360194906e-01
1.444127678366410095e+00
2.663221202737633408e-01
-9.195809167251967065e-01
-1.555684521991980152e+00
-1.214879058152503521e+00
-1.175485976207244487e+00
-1.275647426337535917e+00
2.209064847372754770e-01
-1.239296688723903195e-01
-7.462338958378087472e-01
-9.006199562456707053e-01
-6.295770826332198755e-01
-3.548305234243120942e-02
-7.970428495663763879e-01
-1.818407840419031141e+00
1.463023668206997474e-01
1.372142856687587509e+00
-9.532709365157916448e-01
-1.107656996923653603e+00
-5.709894315141208487e-01
-7.926798087248478897e-01
-1.549137433666022634e+00
1.556573596790293612e+00
1.338805854445901389e-02
7.245709517839160618e-02
-9.489078956742631465e-01
9.412509102049122500e-01
-1.780154018243701675e+00
1.697345015925211253e-01
2.129514902932740927e-01
2.041980217384641971e+00
3.670549292199012381e-01
1.721371597938494702e-01
1.775109938598751214e-02
1.034871405495760621e+00
8.131810282850335803e-01
5.672340334385883587e-02
2.154911965439872290e+00
-8.850440247291977425e-01
1.485364668576920621e+00
9.787556258760095051e-01
-7.565539016331723765e-02
2.282005459512733925e+00
8.483711649952363487e-02
1.934226083753146197e+00
9.128610929004914443e-01
2.350501572480160117e+00
8.161497033105291621e-02
1.578985163867768993e+00
1.622202152568521960e+00
1.423364445272432555e+00
6.804347244954653817e-01
-7.602290044570936267e-02
1.482071583050092345e+00
1.077431652098620685e+00
-5.268053953423701419e-01
4.519630225738933138e-01
-9.811537592044938805e-02
-4.304606633589429521e-01
-1.347956841604180500e+00
-1.007151377764703870e+00
-1.543093532901195886e+00
-1.643254983031487315e+00
-2.959160566716674268e-01
-4.915372255663417178e-01
-1.263056437246751651e+00
-1.417442497654613609e+00
3.008017906309248257e-01
-5.523055937513741132e-01
1.333360236977683133e-01
-8.880289671548864394e-01
1.442546620935569734e-04
8.553203152786446051e-01
-2.289206325164694356e-02
-1.772781236595089016e-01
-7.171475436727270392e-01
-9.388379208834540801e-01
-1.695295545824628825e+00
6.740545923665739458e-01
9.437669318086037151e-01
-7.370101698021458425e-02
-1.095066007832869337e+00
5.873190578119258376e-02
-1.926312130402307865e+00
-7.127845028311985409e-01
-6.695675141304455735e-01
1.356071387695555908e+00
1.297433802484045939e+00
2.597904763524327976e-02
-1.284070127726186783e-01
1.523524010720409549e-01
-6.933797613868608600e-02
-8.257956010798608304e-01
1.469003135750786226e+00
-1.767563029152917409e+00
7.994558388878345578e-01
2.928467961869234415e-01
-7.615642198524033013e-01
2.813050770585435956e+00
-6.132099565908255556e-02
1.051707079329426531e+00
3.034208847677177801e-02
1.664592742791074054e+00
-8.009040340926667501e-01
8.930763341786829290e-01
9.362933228794358964e-01
1.954409756345134808e+00
-5.474105193620681931e-03
-7.619317301347954263e-01
2.013116894122794598e+00
1.608476963171322938e+00
4.239915730332111110e-03
1.289840803720217144e+00
-9.532428421862060297e-02
9.742810559030790074e-02
-5.695795481755405731e-02
2.014121389646795546e+00
1.792431012436068505e+00
1.035973387494893760e+00
2.878253798026034094e+00
9.420595942183718208e-02
2.208706501163082425e+00
1.702097458462171309e+00
6.476864424228445660e-01
2.194434998473226983e+00
4.061936670484733725e-02
7.603300303891147305e-01
8.035470190898676979e-01
1.281569373955354862e+00
1.606192778039527980e-02
1.605183877644494661e+00
1.029159419529432906e-01
-1.555859658877314367e-01
1.419843722445657708e+00
