# element [column and row given by index]
0.000000000000000000e+00
-9.344566522089003957e-01
-8.341695725128426275e-01
-1.022117103434748264e+00
-1.036058968162172356e+00
-9.218300237386904961e-01
-1.516382074934307322e+00
-5.924860311775803634e-01
-1.123719419388020224e+00
-1.416094995238249554e+00
-1.895318076124039575e-01
-1.951984391934068253e+00
-8.348524787513855738e-01
-6.801464824034282319e-01
-1.617984390887579282e+00
-3.914212032617336856e-01
-1.851697312238010484e+00
-6.837967791119630157e-01
-1.084691582641184482e+00
-3.124880304075399184e-01
-9.225129299772334424e-01
-1.174411453902987290e+00
5.215173372285830666e-02
-2.053586707887339990e+00
-8.856861747612927438e-01
-9.844045029451267137e-01
4.084924334564929982e-01
-1.119399096111723946e+00
3.072027495468461211e-01
-1.513049244246039704e+00
6.955906700930380993e-03
-4.001484816333877870e-01
-1.416777901476792501e+00
-1.902147138509469038e-01
-1.610013770902747998e+00
-4.421132377767007515e-01
-1.186293898594456442e+00
8.520653704410849905e-01
-1.321288491761053674e+00
1.053133538975163930e-01
-1.412762164549981936e+00
-8.577253804306606000e-02
-2.521062868188401751e-01
-1.283995674529148090e-01
-2.149732105678005212e+00
-4.316714788336437625e-01
-8.070454452491748754e-02
-8.944134531329468452e-01
3.321497344928987516e-01
-1.852380218476553209e+00
-6.844796853505059619e-01
-7.427209616098644496e-01
6.096989228672797800e-01
-8.777155547764616816e-01
5.488862908821083852e-01
-1.614651560199311664e+00
3.578003989415259323e-01
-4.539956824681699032e-01
-3.302889631022445371e-01
-2.049445025981947666e+00
1.736632808500230274e+00
-5.213748550428269901e-01
9.052269906157430768e-01
-6.804639484236953972e-01
7.388932418399689617e-01
-1.394997809380131848e-01
-3.100839493866132113e+00
4.024839820883709951e-01
-5.193319300594916310e-01
-5.749695160244765457e-01
6.515936716013690511e-01
-1.330015770132707553e+00
-1.621152370066603066e-01
-9.850874091836696600e-01
1.132063371211125435e+00
-1.120082002350266892e+00
3.065198433083031748e-01
-1.171078623214719672e+00
1.154339513677207218e-01
-1.042274548357791097e-02
1.132839738823474551e-01
-2.251334421631277394e+00
1.494266360926425063e+00
-7.780191805823499784e-02
1.348799927600335069e+00
-8.823533440730251254e-01
5.370038461906392335e-01
-3.413891765873429129e-01
-3.000552414170074123e+00
1.242367837000671216e+00
3.459179542500567806e-01
4.696246736159821467e-01
-1.317146809855660905e+00
8.872776708422958070e-01
3.105355802351137395e-01
7.277930283548705859e-01
-3.262188382365691197e+00
1.373378376933633405e+00
3.148235308625231266e-01
-1.013596901559050689e+00
2.129662860667949076e-01
-1.010571833024237254e+00
1.573287001018099929e-01
-4.627229608398240046e-01
1.451507308319595735e+00
-5.977175540064212367e-01
8.288842916521488302e-01
-1.413445070788524882e+00
6.377983997115663772e-01
-2.527891930573831214e-01
-1.290824736914577553e-01
-1.807761484646685402e+00
2.016630809270270497e+00
-3.201683656320402083e-01
1.106433480026529859e+00
-4.387804070884331331e-01
9.805767831752312258e-01
1.021837603972490793e-01
-3.202441809819403851e+00
1.000001389426866005e+00
7.894908912346487728e-01
9.131976106005741389e-01
-1.519036205504990633e+00
1.330850607826887799e+00
1.086461845857840114e-01
5.259036327055408577e-01
-3.161901302669633651e+00
1.339013050789210180e+00
8.067655200009102856e-01
2.233367365659480352e+00
-8.243970735479844159e-02
1.336917482908865917e+00
4.585244601308837709e-01
-2.268254198043787806e+00
4.516753538425348768e-01
-3.261472811968517682e-01
2.994353667500153637e-01
9.458649814893069774e-01
-3.929218717105326331e+00
1.462027985784185580e+00
1.285717925707785536e+00
-1.794414406370359316e-01
1.047121746988809665e+00
-1.449199218558811397e+00
-2.812986854327641506e-01
-1.432790237313537052e-01
1.012879922785021591e+00
-2.782736168979509372e-01
1.148328228760619130e+00
-8.910806224446792267e-01
9.572423368200366767e-01
2.695752552864625340e-01
3.932819746523879001e-01
-2.050127932220490834e+00
2.336074746378741018e+00
2.021960827118054471e-01
1.628797928370375514e+00
-6.811468546622383435e-01
7.382103356014260154e-01
-1.401826871765561311e-01
-2.758868872834812080e+00
1.522365837770711661e+00
5.471244436608435624e-01
6.708311630267689285e-01
-1.075463268520398641e+00
1.088484160253082589e+00
5.522191215703760037e-01
9.694765696901328500e-01
-3.363790698318963379e+00
1.861377499133055835e+00
5.643990724271050752e-01
1.991000918085675142e+00
3.611332296297935507e-01
1.780490419893457910e+00
9.020973971154757631e-01
-2.470143593693117534e+00
8.952482908271268691e-01
-5.280366768461814964e-01
9.754597110068563559e-02
7.439755858399772492e-01
-3.828931637409268340e+00
8.447480792896511215e-01
1.674058329293794056e+00
1.797765048659719422e+00
-7.191225687867639493e-01
2.215418045886033305e+00
9.085598213040106952e-01
1.325817269423767542e+00
-2.429603086543346890e+00
1.318968163135418648e+00
4.405751403574365010e-01
-1.277254669384978669e+00
-3.372474946819501440e-01
5.175073198844517552e-01
-4.303169423121720349e+00
5.345898987343551401e-01
1.374367534558337711e+00
7.914529542082264779e-01
2.018016141834071853e+00
-6.150437576367966397e-01
5.528567754892506070e-01
-5.819064092659278487e-01
1.847035383707036349e+00
-7.169010024325250807e-01
7.097008432260449862e-01
-5.716366853362089273e-01
5.186149512854625332e-01
5.890191923949328334e-01
7.127259117608581995e-01
-1.527763483876645179e+00
1.897447360844166875e+00
5.216400198202757466e-01
1.948241865478845813e+00
-1.587824063183926881e-01
1.260574783945271671e+00
3.821817611672895243e-01
-3.001235320408617291e+00
1.841809774879181960e+00
1.069488892004689218e+00
1.193195611370614584e+00
-1.317829716094203851e+00
1.610848608596928244e+00
3.098526739965707932e-01
7.271101221163276396e-01
-2.920217761334371609e+00
2.180821436241526357e+00
1.086763520770950731e+00
2.513365366429520797e+00
1.187667820559883403e-01
1.538123972319652699e+00
6.597309495416705527e-01
-2.026570656708525320e+00
6.528818432533216587e-01
-8.446373986158950409e-02
5.411189080852776279e-01
1.187548522824569242e+00
-4.030821033058598069e+00
1.367112527633496777e+00
1.431691881719988846e+00
1.555398601085914212e+00
-2.755496318021719571e-01
1.973051598312228094e+00
1.352132758288602687e+00
1.769390206408359534e+00
-2.631492482192676619e+00
1.762541100120010640e+00
8.841480773420284933e-01
-1.479144065034308397e+00
-5.391368903312798722e-01
3.156179242351220271e-01
-4.202882343425662803e+00
1.774813226491324780e+00
4.091457622898901914e-01
1.835747607948460258e+00
1.245700667688938834e+00
2.665057857952603193e+00
1.786664835174621047e+00
-1.670229956974890850e+00
1.779815728886272153e+00
2.718769598720451874e-01
8.974596078189123194e-01
1.543889222558203933e+00
-3.096633421282982024e+00
2.645209683801817313e+00
8.906105015305634254e-01
1.307867949650320272e+00
-1.438603557884537754e+00
-4.417019750328547989e-01
-1.288354882870077045e+00
-1.191755415475137525e-01
6.805206265996590620e-01
-3.786795710948335891e+00
