# element [column and row given by index]
0.000000000000000000e+00
-1.433320306909264819e-01
2.508617522188900661e-01
-1.076372005589647296e+00
3.271287110499776496e-01
-6.821782226798307480e-01
-1.437656682264142782e+00
1.294324176881094246e+00
-6.059112638487431646e-01
-1.043462899354326234e+00
-5.042888481252292276e-01
-1.966427401653580320e+00
1.464050176798979086e+00
3.612842019823734319e-01
-9.671959405232386509e-01
-4.280218892941416442e-01
-1.572233618743763772e+00
-8.655735247997247139e-01
-2.137348171035210243e+00
9.040370799162327220e-01
5.310102019002582718e-01
-4.746921220544209064e-07
5.391735765369749522e-01
-1.495966659912676189e+00
-7.893065659686371305e-01
-1.743154388125393695e+00
-4.542137984244412063e-01
-1.394344244189162252e+00
-7.496020707507047298e-01
-3.073502986020369310e+00
9.546434073824134892e-01
-2.900289498248809217e-02
1.697255252257627856e-01
7.088995764548597922e-01
-5.287711940815595923e-01
1.778888998624794660e-01
-1.666887429294306111e+00
5.129816674066753901e-01
-1.318077285358074668e+00
-6.733351119196171464e-01
-2.679309203110552762e+00
-8.154984750989366926e-01
-1.565265013570792174e+00
-1.278372790140142268e+00
-3.446827916645526901e+00
7.103774825289255190e-01
2.160343248369267499e-02
-3.902875716569835784e-01
1.488864795721134282e-01
-3.590451941636747524e-01
3.476148997803643059e-01
-6.996919634631895146e-01
6.827076673245602301e-01
-3.508818195269580720e-01
2.938603539114994501e-01
-2.603042244279465400e+00
1.516969907321799038e-01
-1.488998054739704591e+00
-1.202105831309054684e+00
-3.052634133735710353e+00
6.570849225801798088e-01
-1.344269194488374231e+00
-6.995270210499167085e-01
-2.501419828555951241e+00
-1.449293559521772190e+00
-1.740743363363682406e+00
-3.003336891366766181e+00
1.702587464580600507e+00
-2.226624923697952951e-01
-3.396812441908028113e-01
1.994928070382941954e-01
-9.190582910464211164e-01
-2.123981971023820581e-01
-5.299659635453046747e-01
1.226945704418138661e-01
-1.811558196090732320e-01
4.635863538293842900e-01
-1.635846778448348804e+00
3.214229906500647438e-01
-5.218025889085879943e-01
-2.349103654779380879e-01
-2.976367174904622992e+00
8.268109224980646488e-01
-3.770737286572576341e-01
2.676684447811998879e-01
-2.425152869724863436e+00
-1.373026600690684607e+00
-1.664476404532594822e+00
-2.609143108456949633e+00
2.958002459056843225e-01
-1.515189963870004153e+00
-1.228297740439354246e+00
-2.874744759181108833e+00
-1.423822041104406244e+00
-2.385448374506931479e+00
-1.911664132745312328e+00
-2.355108153485622857e+00
7.257306873357882715e-01
7.695474896818796928e-01
-5.839471690442907814e-01
-4.477311781519377476e-02
-8.684519635802403492e-01
-1.617918696362012909e-01
-1.089979060428051039e+00
1.733008979079946332e-01
-7.411689164918195960e-01
-9.642674305336207397e-02
-1.466120778530463964e+00
-2.385901062326816202e-01
-3.520765889907031543e-01
-6.518436556005324789e-02
-2.009171709073506396e+00
2.667978256153182848e-01
-2.073477287393727941e-01
4.373944446990847279e-01
-1.457957403893746839e+00
-4.058311348595680101e-01
-6.972809387014782256e-01
-2.532876149625861828e+00
4.655262458235691625e-01
-5.479944980388875564e-01
-2.611022746082376500e-01
-2.798477800350021027e+00
-4.566265752732896477e-01
-2.309181415675843674e+00
-1.835397173914224744e+00
-1.960914370575806309e+00
3.763686299963791004e-01
-2.329704734837532154e-01
4.117716999547043066e-01
-2.451344778855163220e+00
-1.399218509820984169e+00
-1.690668313662894384e+00
-2.431253733902348113e+00
-1.952592760493843782e+00
-2.758773305132089071e+00
-2.847818947730471173e+00
-2.766829484622141511e+00
-2.316695224894615102e+00
6.878780294395481221e-01
-2.073092875629325427e-01
4.082628130073842065e-01
9.474368642364812132e-01
-1.112717888433728319e+00
-4.060577944896892610e-01
-1.039372732961870271e+00
-7.096502694549333690e-02
-6.905625890256388288e-01
-4.582041558718130680e-02
-2.026133875413210106e+00
-1.879837787665008531e-01
-9.120896858734495183e-01
-6.251974624427996119e-01
-1.839445709155621556e+00
3.174041530814990519e-01
-7.673608256221191581e-01
-1.226186521836616361e-01
-1.288231403975861999e+00
-2.361051349416831702e-01
-5.275549387835933857e-01
-1.565680683794745232e+00
-9.448685105917720151e-02
-3.782684981210027164e-01
-9.137627469035281003e-02
-1.831282334518904431e+00
-2.869005753554048077e-01
-1.341985949844727077e+00
-8.682017080831081479e-01
-1.884647411744718726e+00
-1.836444668863672636e-01
-6.324447356586837543e-02
5.814976998725891466e-01
-1.484149313024046624e+00
-4.320230439898675723e-01
-7.234728478317777878e-01
-2.354986775071260752e+00
-9.853972946627271856e-01
-2.682506346301001265e+00
-2.771551988899383367e+00
-2.690562525791054149e+00
-1.922501441984798554e+00
1.508395332188361415e-02
-4.038912428653831377e-01
-1.169990194347332313e-01
-2.824669709480320812e+00
-3.125233200997852290e-01
-2.335373324806143458e+00
-1.861589083044524306e+00
-1.783024996021204789e+00
-2.123513529875473704e+00
-2.414963333717383698e+00
-2.315282279853327907e+00
-3.221143878355628765e+00
-3.702984299607300578e+00
-1.497316772643971117e+00
7.808413820746682443e-01
-2.451619454591726921e-01
-5.685939642374280290e-01
-2.941991300833102230e-02
-1.205079063820533314e-01
5.861521875619857269e-01
-1.283638657815358242e+00
9.212449551061816511e-01
-9.348285138791267990e-01
-2.900863404406692769e-01
-1.975527547947029339e+00
-4.322497036199888232e-01
-8.614833584072687511e-01
-5.745911349766188447e-01
-2.399458806038367698e+00
7.313822822801108181e-02
-7.167544981559383910e-01
-7.201232471748086894e-02
-1.848244500858608363e+00
-7.961182318244295342e-01
-1.087568035666339750e+00
-1.395954683876860392e+00
-4.388052359299643435e-02
-9.382815950037490804e-01
-6.513893715730991740e-01
-1.661556334601019591e+00
-8.469136722381511717e-01
-1.172259949926842237e+00
-6.984757081652233079e-01
-9.174519459136021293e-01
-1.330381394201864964e-01
-6.232575704486147394e-01
2.148460298984278261e-02
-1.314423313106161784e+00
-2.622970440719827323e-01
-5.537468479138929478e-01
-1.387791309240144155e+00
-8.156712947448423456e-01
-1.715310880469884669e+00
-1.804356523068266771e+00
-1.723367059959937553e+00
-1.846234483153710970e+00
-5.449291435608627499e-01
-2.341652429474982977e-01
5.272698048315160868e-02
-1.857474243649204215e+00
-1.427973201819003890e-01
-1.368177858975026862e+00
-8.943936172134077101e-01
-1.706758037190117205e+00
-1.156318064044357108e+00
-1.447767867886267101e+00
-2.239015321022240101e+00
-3.144876919524540959e+00
-3.626717340776212772e+00
-1.103122989734154569e+00
-3.158139907787060885e-01
-5.136867660675539238e-01
1.310554073709035983e-01
-1.340046057850542205e+00
-2.879197888163631536e-01
-5.793695926582733691e-01
-2.381178684201560092e+00
-8.412940394892227669e-01
-2.708698255431301050e+00
-2.797743898029683152e+00
-2.716754434921353489e+00
-1.744612067430197033e+00
-1.271528519799955959e+00
-3.059668344860632772e+00
-2.585884103099013842e+00
-1.667053541972184805e+00
-2.539967237443122805e+00
-2.777652853076868489e+00
-4.076309230232458169e+00
-3.731751032029476445e+00
-1.864134907117608986e+00
