# element [column and row given by index]
0.000000000000000000e+00
2.471300544796002363e-01
-2.272427840981920966e-01
8.733560409386802448e-01
-2.477709178769560427e-01
3.989832023608879119e-01
2.865150364149162687e-01
3.595567687656322509e-01
3.784550685821239657e-01
-1.878578021628760641e-01
-1.497957108366980705e-01
-2.213859668664899250e-01
1.209718484334960875e+00
9.857827552247122593e-01
-2.083859359416400103e-01
-1.703238446154620167e-01
-6.957588054442822578e-01
-7.366367153604620466e-01
6.741480507734560756e-01
2.105463325152479026e-01
1.835944470794040884e+00
3.989417507009482833e-01
4.370038420271262769e-01
-7.162869392230462040e-01
-7.571648491392259928e-01
1.997752121956637428e-01
-5.054454606131821848e-01
-1.244537718641868240e+00
-1.188182543716885142e+00
2.589528357024355465e-01
-2.615589967807867566e-01
8.367723189743279111e-01
1.249103466270276908e+00
1.287165557596454901e+00
-1.089592525804579104e-01
-1.498371624966376991e-01
1.792470784168997966e-01
1.018822260294061088e-01
-1.265065852420632186e+00
-1.208710677495649088e+00
-2.154200028753567864e-01
-1.092286465136946161e+00
-3.490037010019222397e-01
-1.696083546998291336e+00
9.411925570028301102e-02
-9.050747167956467720e-01
3.646669896782932518e-01
2.499313144505639350e-01
2.879934057767419286e-01
7.412024629888707139e-01
7.003245530726909251e-01
7.865747650594880902e-01
9.520439415987347331e-01
-6.577381657780438928e-01
-6.013829908530607948e-01
-2.359481366541207326e-01
-4.849587784943578672e-01
-3.695318347806861858e-01
-1.716611680777055282e+00
-3.802535828775093218e-01
8.068848802087660310e-01
-1.600187468418352355e+00
-1.543832293493369257e+00
-7.641989160729427688e-01
-8.005495293583453353e-01
-1.320014131659074552e+00
-8.286714523758207385e-01
-2.913706848674320060e-01
-2.788487303365667636e-01
-2.221740148454707242e-01
-1.841119235192927306e-01
-2.579696888308422587e-01
-2.988475987470220474e-01
1.636736480628816714e+00
-4.712821022097823942e-02
1.924235497912847315e-01
2.487787247162678295e-01
3.713795499884675611e-01
3.652029370749707571e-01
2.377958518619021078e-01
-1.109283994134466989e+00
-4.007817166562732680e-01
1.657046595778094655e+00
-9.928597817757640609e-01
-9.365046068507809629e-01
-7.847270498517067150e-01
-8.210776631371092815e-01
-1.340542265437838498e+00
-1.303044290953613071e+00
2.200438756850020550e-01
-7.046534507784063539e-01
-2.051733296774775450e+00
-9.290324960750953043e-01
-2.477690819775366649e+00
-1.215744744429365864e+00
-4.244801140191285516e-01
-1.299101772452855519e+00
-1.124340954907227408e+00
3.348553015916480025e-01
-8.656897348603307396e-01
-8.276276435341527460e-01
-7.300750181268769179e-01
-7.709529280430567066e-01
6.375643288091037419e-01
-5.192335395170128987e-01
-8.067486020284282411e-01
-7.503934271034451431e-01
1.221541265557796185e+00
-6.339692147447422155e-01
1.087957567431230732e+00
-2.591222785651383642e-01
2.065459699863150256e-01
6.578744439583816828e-01
-1.426980662064354366e-01
-8.634289128145233860e-02
-1.773993632091184214e-01
-2.137499764945209879e-01
-7.332145787952502047e-01
-1.323572424732377018e+00
1.070205591254330679e+00
-9.732576413581806030e-02
-1.444405610132187157e+00
-9.495606298538592505e-01
-1.870363133132778355e+00
-1.236272878208129811e+00
-4.450082477978924977e-01
-1.773474611030647852e+00
1.210774915964167864e+00
-2.878571275964041387e-01
-2.315019526714210407e-01
-1.119848665849426883e+00
-1.156199279134829450e+00
-1.675663881435558666e+00
-1.851823204151199054e+00
-2.985591823056772842e+00
-1.380578324431518400e+00
-8.396753290901490807e-01
2.949975021028024003e-01
-1.536641116797536677e+00
-1.125746281756361267e+00
-4.981149684481473994e-01
-2.519857029321159736e-01
-2.139236116059379800e-01
-1.373590738141736933e+00
-1.414468648057916722e+00
1.654589995130690827e-01
-1.162749259531872914e+00
-1.278853931324462900e+00
-1.222498756399479802e+00
2.223691137380832128e-01
-1.106074544040776875e+00
8.878541561151775952e-02
-1.258294430384851337e+00
1.056707685555643650e+00
1.857691146623470235e-01
-1.141870218026148409e+00
-1.085515043101165311e+00
6.727623523602102029e-01
6.364117390748076364e-01
1.169471367740784196e-01
-7.162447380897887239e-01
7.103343943461770671e-02
7.528359514335105640e-01
-5.942438945628585323e-01
-3.422329432112709569e-01
-1.020201417563449731e+00
-6.289451915655415171e-01
1.623194388446957959e-01
-1.794002744809411798e+00
2.116027641444548912e-01
5.623045879729244856e-01
6.186597628979075836e-01
-5.125209792068385894e-01
-5.488715924922411560e-01
-1.068336194792970373e+00
-1.872351337929963000e+00
-2.378264136414184549e+00
-1.401106458210282346e+00
-8.602034628689130269e-01
2.744693683240384541e-01
-2.011013955375329232e+00
6.239339114404038877e-01
6.076768900435418619e-01
-7.394029559528272344e-01
-1.284682245851579419e+00
-1.165360478953418433e+00
-1.571394494205849979e+00
-7.801298637956126658e-01
-2.322253524228234056e+00
-2.090057805416826842e+00
-2.609522407717555836e+00
-2.303369032507622371e+00
-1.004508909092301616e+00
-1.201977129682181289e-01
-1.232656680023384022e+00
-1.019398499662070412e+00
-4.995202952972812582e-01
-1.084955972971911375e+00
-1.046893881645733382e+00
-7.598867062135221673e-01
-8.007646161297019560e-01
-4.780567205017909327e-01
-5.490452276036581480e-01
-1.922369651339322916e+00
-1.866014476414339818e+00
-2.497362155579514464e-01
-1.749590264055636890e+00
-3.833199136845168997e-01
-1.730399759680885996e+00
5.753553373593067732e-02
-4.577466053525129919e-01
-1.613975547322183068e+00
-1.557620372397199970e+00
-3.264097994595027696e-01
-3.627604127449053362e-01
-8.822250150456345530e-01
1.339169774795399004e-01
-4.010718898614169525e-01
-2.463362003862024086e-01
-1.593416046382571505e+00
5.079287723580576674e-01
-2.019373569383162703e+00
2.212165240037871072e-01
1.012481154414024420e+00
-1.186675058166823504e+00
-2.605025651515797680e-01
-4.368675638467884870e-01
-3.805123889218053890e-01
3.376407363624900348e-01
3.012901230770874683e-01
-2.181744792236417485e-01
-1.265023651287374706e+00
-1.528102420844855924e+00
-7.937787715676940525e-01
-2.528757762263247333e-01
8.817970549666267477e-01
-2.031542089154092956e+00
-3.752382403793090848e-01
1.457838605612870486e+00
1.107587596165013899e-01
-6.773545592089911249e-01
-3.151987633840898084e-01
-9.640668075632616851e-01
-1.728021771530243722e-01
-2.342781658006997780e+00
-1.482730118774238548e+00
-2.002194721074967543e+00
-2.323897166286386096e+00
-1.025037042871065562e+00
-1.407258467469820751e-01
-1.707029518601176354e+00
-1.917949430154857193e-01
1.160329081589976941e-01
1.723880830839807921e-01
1.924816749725213327e-01
1.561310616871187662e-01
-3.633335406136104506e-01
-2.207472953927683168e+00
-1.673261482234824626e+00
-1.736228074208002514e+00
-1.195325078866633195e+00
-6.065224767368171399e-02
-2.559792868572914770e+00
-9.347754319500796161e-01
-2.505253020487847593e+00
-1.713988390077610058e+00
-2.773799352584656930e+00
-3.586571195176680327e+00
-1.927299617168405366e+00
-2.850312929703706644e-01
3.201052696350363824e-01
-2.037514884542237503e+00
