# element [column and row given by index]
0.000000000000000000e+00
6.799961225472548332e-01
8.143186944599181132e-01
-3.052858140327905367e-01
-1.623684420839728304e-01
-1.709632421201272567e-01
-8.518357446554789547e-01
-6.579999366236297664e-01
-1.147650378664018200e+00
-7.175131727428156747e-01
-7.937687884060475874e-01
-1.840301185276731699e+00
-1.024984317707350323e+00
-1.643281873203675136e+00
-1.694200309286706618e+00
-1.770455924949938531e+00
-1.705978613364068419e+00
-1.340318719028736005e+00
-1.767537585453063498e+00
-4.396615781641932674e-01
-2.010266254287395693e+00
-2.189831803826363554e+00
-2.266087419489595689e+00
-2.682665749907959363e+00
-2.317005855572626949e+00
-1.633215013540400218e+00
-2.161020091050982472e+00
-2.328784159649988972e+00
-1.361369285269727447e+00
-1.680678051195069411e+00
-2.954982168340414272e-01
-1.424943514744238637e+00
-2.556816184910084111e+00
-2.633071800573316246e+00
-3.178297244447616521e+00
-2.812637350112283663e+00
-2.609902150084291161e+00
-2.656651585590639186e+00
-3.305471296193879915e+00
-2.338056421813618613e+00
-1.546355479282406131e+00
-2.707570021673671334e+00
-2.256020559826320770e+00
-2.349834725890980192e+00
-9.487441488586643157e-01
4.541633950491752447e-01
-1.280780153414086797e+00
-1.971493445366927055e+00
-2.047749061030159190e+00
-3.545281625531337077e+00
-3.179621731196004220e+00
-3.105533644623948319e+00
-3.023635966674359743e+00
-3.801102790733536629e+00
-2.833687916353275327e+00
-2.523042615826296853e+00
-3.203201516213328048e+00
-3.232707696370211714e+00
-3.326521862434871135e+00
-8.144215769460010357e-01
-3.389706338879953762e+00
-3.696035462294924301e+00
-2.728620587914662554e+00
-2.169161025568326462e+00
-2.277071126067311990e+00
-1.906505947283761104e+00
-3.713037839933102102e-01
-1.967739550982172680e-01
-5.311185415308701252e-01
-1.827330084036775215e+00
-1.903585699700007350e+00
-2.959958885988180022e+00
-2.594298991652847164e+00
-3.472518025707668876e+00
-2.438313227131202687e+00
-4.168087171817257186e+00
-3.200672297436995883e+00
-3.018674110365953567e+00
-3.570185897297048605e+00
-3.728339190909868428e+00
-3.822153356974528293e+00
-1.791108713489891979e+00
-3.756690719963674319e+00
-4.191666956834581015e+00
-3.224252082454319712e+00
-3.145848162112217405e+00
-3.253758262611202934e+00
-2.883193083827651826e+00
-2.369812120806469302e-01
-3.936256269502642624e+00
-3.623271862471256100e+00
-3.717086028535915077e+00
-1.437227123231921366e+00
-2.384428004755262620e+00
-2.190211591809317682e+00
-1.833742347460092903e+00
-1.433377968607585373e-02
-6.535169092036108296e-02
-1.182055891678262638e+00
-1.077668472153558543e+00
-1.153924087816790678e+00
-2.815795524658028182e+00
-2.450135630322695324e+00
-2.887195286164511820e+00
-2.294149865801050847e+00
-3.582764432274100130e+00
-2.615349557893838828e+00
-3.385658491449674123e+00
-2.984863157753891549e+00
-4.095323571993588985e+00
-4.189137738058248850e+00
-2.286740208029549137e+00
-3.171367980420517263e+00
-4.558651337918301572e+00
-3.591236463538040269e+00
-3.641479656651874564e+00
-3.749389757150860092e+00
-3.378824578367308540e+00
-1.213668348624537874e+00
-4.303240650586363181e+00
-4.118903357010912814e+00
-4.212717523075571791e+00
-2.413914259775812532e+00
-2.880059499294919334e+00
-3.166898728353208625e+00
-2.810429484003983625e+00
1.199887922265874263e-01
-3.801634770913590256e+00
-4.924721710123895591e+00
-3.957306835743633844e+00
-3.536412328213261347e+00
-3.644322428712246875e+00
-3.273757249928696211e+00
-8.597867583665672608e-01
-3.372893445376515587e+00
-1.458277689472912808e+00
-1.746882813202098816e+00
-1.686119711024024026e+00
-6.697785909484119671e-01
-2.423864620682818494e-01
-1.050633627500406453e+00
-1.728605822300951056e+00
-1.804861437964183191e+00
-2.066133912774811510e+00
-1.700474018439478652e+00
-2.743031924834359980e+00
-1.544488253917834175e+00
-3.438601070943948290e+00
-2.471186196563686988e+00
-2.800335751906517068e+00
-2.840699796423739709e+00
-3.510000832450431929e+00
-3.603814998515091794e+00
-2.653724589113269694e+00
-3.027204619090365423e+00
-3.973328598375144516e+00
-3.005913723994883213e+00
-4.008464037735595120e+00
-4.116374138234580649e+00
-3.745808959451029096e+00
-1.709299843164194810e+00
-3.717917911043206125e+00
-4.485887738094633370e+00
-4.579701904159292347e+00
-2.909545754315469246e+00
-3.247043880378639891e+00
-3.662530222892865339e+00
-3.306060978543640339e+00
-8.566983443173035173e-01
-3.216312031370433200e+00
-5.291706091207616147e+00
-4.324291216827354845e+00
-4.032043822752918061e+00
-4.139953923251903589e+00
-3.769388744468352925e+00
-1.836473894910458204e+00
-3.868524939916172301e+00
-2.434964826016803752e+00
-2.723569949745989760e+00
-2.662806847567915192e+00
-5.354560190357486871e-01
-4.348184701536279562e+00
-4.851958110300227389e+00
-4.945772276364886366e+00
-2.804478425876856473e+00
-3.613114252584233910e+00
-3.557462894454253011e+00
-3.200993650105028010e+00
-5.028167540593329043e-01
-3.300129845552847385e+00
-2.929564666769296277e+00
-8.808373246075587026e-01
-1.014948910865693721e+00
-1.599260176766029939e+00
2.508410684127546642e-01
5.514579121625033942e-01
-1.227668398648327219e+00
-1.597183558123094871e+00
-1.673439173786327006e+00
-2.717071262922203800e+00
-2.351411368586870942e+00
-1.993370312951143308e+00
-2.195425604065226466e+00
-2.688939459060731618e+00
-1.721524584680470316e+00
-2.656172390576365228e+00
-2.091038184540523037e+00
-3.365837471120280089e+00
-3.459651637184939954e+00
-2.068401849570112638e+00
-2.277543007207148751e+00
-3.829165237044992676e+00
-2.861750362664731373e+00
-3.423141298192438065e+00
-3.531051398691423593e+00
-3.160486219907872041e+00
-2.076284224247915589e+00
-3.573754549713054285e+00
-3.900564998551476315e+00
-3.994379164616135292e+00
-3.276530135399189803e+00
-2.661721140835482835e+00
-4.029514603976585896e+00
-3.673045359627360895e+00
-1.352329838856960453e+00
-3.072148670040281360e+00
-4.706383351664459092e+00
-3.738968477284197789e+00
-4.399028203836638617e+00
-4.506938304335624146e+00
-4.136373125552073482e+00
-2.332105389450115140e+00
-4.235509320999892857e+00
-2.930596320556460910e+00
-3.219201444285646474e+00
-3.158438342107571906e+00
-1.512143155579639631e+00
-3.762861961993122506e+00
-5.218942491383947946e+00
-5.312756657448606923e+00
-3.300109920416513631e+00
-3.980098633667954466e+00
-4.053094388993909725e+00
-3.696625144644684724e+00
-1.479503890603223848e+00
-3.795761340092504099e+00
-3.425196161308953435e+00
-1.857524461151449646e+00
-1.991636047409584664e+00
-2.575947313309920883e+00
3.851636403254179442e-01
-2.383620167088885466e+00
-5.336650142157532528e+00
-4.369235267777270337e+00
-4.765098576042232636e+00
-4.873008676541218165e+00
-4.502443497757667501e+00
-2.227038061011502368e+00
-4.601579693205486876e+00
-2.825528992117847693e+00
-3.114134115847034145e+00
-3.053371013668959133e+00
-1.158261565321669018e+00
-2.797409092697629607e+00
-3.213270311294852632e+00
-2.856801066945628076e+00
-5.238673203003243461e-01
-2.188713519530718798e+00
-4.375085460003396154e-01
-8.673262744296248439e-01
-2.092919696273674468e+00
-6.199631246011292340e-01
