# element [column and row given by index]
0.000000000000000000e+00
1.765122938484144921e-01
1.490028421428564176e-01
8.633838311060957338e-01
-1.839732026935543274e-01
8.358743794005376593e-01
6.289582001086078122e-01
-3.345182567385460715e-01
5.028983345641269143e-01
6.014487484030497377e-01
1.618680950416538256e+00
5.731022023849701164e-01
-1.734008721974686917e-01
3.523532805191351702e-01
2.684727035666389927e-01
1.285704905580127511e+00
5.455927506794120418e-01
1.384255319419050334e+00
-3.297283125234442558e-01
-1.044447437215801022e+00
5.134706650602125499e-01
1.179276495216472487e-01
1.135159851535135767e+00
2.126167058430012968e-01
1.051279274582639589e+00
-3.572377642290023303e-01
6.698116745416911044e-01
1.328399321695412638e+00
1.961329263444385962e+00
6.179518934596783808e-01
-5.747689700341056529e-01
-3.575758999581197806e-01
2.790450340627246284e-01
1.296277236076213146e+00
6.207165179800955279e-02
9.007342205376478450e-01
-6.902138090654130753e-01
5.192666204966993604e-01
9.954232768590018932e-01
1.628353218607975217e+00
5.904424417541203063e-01
4.353860435442031829e-01
4.255688067869982660e-01
1.905473265720748266e+00
7.749038830725532012e-01
3.545478750328288076e-01
1.121025672235755888e-01
-5.920015309556077021e-01
4.252306710578808158e-01
2.231890363390869325e-01
1.061851605078725225e+00
-8.407588631104048194e-01
6.803840050377767401e-01
8.448782228140101491e-01
1.477808164562983473e+00
2.574663969177095613e-01
2.848409894992114388e-01
9.259276195058752101e-02
1.572497220884337521e+00
7.473944313669951267e-01
8.811627859419806086e-01
3.795300458205654870e-01
1.012459987569538811e+00
1.373249012770120903e+00
1.002642750812333894e+00
2.821691748498128760e+00
-1.780137450371754859e-02
1.291229874680306811e+00
1.041419412290510049e+00
-1.223230637739123328e-01
8.949091382395761851e-01
-6.478575286792453980e-01
1.908050400603928942e-01
-6.796414785693274396e-01
-1.906625599805555904e-01
1.005995607355087529e+00
1.638925549104060853e+00
1.069213428727178172e-01
4.459583740402888186e-01
-5.795229209440422302e-02
1.421952166839345777e+00
4.144183865305843817e-01
1.042280170483057988e+00
2.289849917755737430e-01
8.619149335245470667e-01
1.040272967933710158e+00
6.696667059759231488e-01
2.488715703661718237e+00
-4.531082620927562310e-02
6.467371549444926870e-01
-5.233004690878488852e-01
9.566039898459011148e-01
1.530201002382995723e+00
9.366975090011691041e-01
1.950322956795456530e+00
1.918861233589714388e+00
-2.396372610281942706e-01
1.508068879598877254e+00
1.978101411937988052e+00
8.069937812930221277e-01
1.824225983306510646e+00
-1.781790614975500286e-01
6.604835072420882636e-01
-1.550688043587659770e+00
2.790159072011397789e-01
1.349490423367551983e-01
7.678789840857285220e-01
2.680387274137951970e-01
-4.250881909780435119e-01
1.031650924466731567e-01
1.583069551380423157e+00
2.638733324855926377e-01
1.712336054647256578e-01
3.901023763166511227e-01
1.023032318065624446e+00
8.897279138887184136e-01
5.191216519309314048e-01
2.338170649616726493e+00
-3.782868710456863681e-01
8.078545394855700668e-01
-6.738455231328406292e-01
8.060589358009093708e-01
1.197224957546584978e+00
7.861524549561773600e-01
1.617346911959045785e+00
1.585885188753303643e+00
-2.671467127337523451e-01
1.523927142360484988e+00
5.908811572208549912e-01
1.223811098969828315e+00
4.243797368952737514e-01
5.377347493748674268e-02
1.872822472623281609e+00
7.374957448067249732e-01
8.808415112775314082e-01
2.107274946408331573e+00
2.866541439572837024e+00
9.378579189957725326e-01
-8.417722561424507699e-01
2.281008528635773303e+00
2.194940416856558496e+00
1.743675780940500131e+00
2.760907982953988871e+00
7.511377835693844318e-01
1.589800352309022724e+00
-1.081009576405964401e+00
1.208332752268074239e+00
6.046275095184505677e-01
1.237557451267423891e+00
-6.030078376045371336e-01
4.459027620365185740e-02
-7.678814725716591738e-01
7.120229863620908262e-01
4.249907170266700174e-01
6.409120726464210271e-01
-4.809441887016812078e-01
1.519857530472921159e-01
1.050845298429795793e+00
6.802390364720087845e-01
2.499288034157803651e+00
-5.288319250906781122e-01
-6.319202553276226375e-02
-5.127281385917632495e-01
9.671763203419867505e-01
1.046679903501593234e+00
9.472698394972547398e-01
1.466801857914054041e+00
1.435340134708311899e+00
-6.001227575701630901e-01
6.528805773421526570e-01
7.519985417619323709e-01
1.384928483510905695e+00
2.738346828502820074e-01
-9.677157910750500136e-02
1.722277418578289865e+00
4.045196999703142282e-01
7.302964572325396642e-01
1.774298901571920828e+00
2.533565394736426057e+00
6.048818741593617876e-01
-8.692817078480088444e-01
1.289501511362997066e+00
-3.119493576875593810e-01
1.167955101246190619e+00
5.813317265081485719e-01
1.148048620401458608e+00
1.001453680920609379e+00
9.699919577148672367e-01
5.156598582822482513e-01
-2.198900363088296395e-02
1.797059994054911902e+00
1.314569688832060601e+00
3.023493429185712067e+00
1.885538124978895169e+00
-1.097049605580921350e+00
1.393603237427986752e+00
2.967880065893454322e+00
1.960514785859070575e+00
2.977746987872559536e+00
1.687819783216862435e+00
2.526482351956500949e+00
-1.516927313390299403e-01
2.145014751915552242e+00
1.533944354585385028e+00
2.166874296334358352e+00
-1.333293704228417642e-01
9.739071212705863179e-01
-2.982030053899638045e-01
1.181701453543786196e+00
-4.460558479916623131e-01
1.570228917713355488e+00
-1.126572151998583848e-02
6.216642202289874852e-01
1.797987334114634628e-01
-1.908075285463235460e-01
1.628241469139471320e+00
-3.677145405496007324e-01
4.064864416489331056e-01
-1.383774703610095580e+00
9.612975532365442000e-02
1.207797288042670614e+00
7.622327447892240926e-02
1.627919242455131421e+00
1.596457519249389279e+00
-7.506678116151548341e-01
1.122559044523848026e+00
-1.190480232563999596e-01
5.138819184925733641e-01
4.349520673913593871e-01
6.434580543357237836e-02
1.883394803119367245e+00
2.539746459253224842e-01
8.914138417736170439e-01
1.623753847526929084e+00
2.383020340691434313e+00
4.543368201143700436e-01
-1.202257752684419589e+00
4.184549463446647355e-01
-1.508319731464820013e-01
1.329072485787267999e+00
4.307866724631568278e-01
1.309166004942535988e+00
8.509086268756176352e-01
8.194469036698754927e-01
1.826838134458375063e-01
-1.725340576758747080e-01
1.646514940009920158e+00
9.815936439956498560e-01
2.690517384349301544e+00
1.552562080142484424e+00
-1.124559057286479424e+00
1.332403890444008310e+00
1.233645513639359370e+00
1.866575455388332694e+00
6.357308482955632556e-01
2.651245863377762468e-01
2.084173584023571113e+00
-2.113735310681221780e-01
1.092192622677820912e+00
1.158405670533484422e+00
1.917672163697989873e+00
-1.101135687907461858e-02
-8.647513683200824808e-02
4.942327346662764853e-01
9.256912023522396726e-01
8.942294791464975301e-01
1.092733802307583879e+00
1.325984502537547183e+00
2.230788171609440873e+00
2.042490114591769768e+00
1.317702638541437654e+00
-1.273672495911885250e+00
